[001]Pressure   [002]radm   [003]AVmax   [004]I(C+, 158 um)   [005]I(O, 145 um)
1.0000e+05   1.0000e+00   1.0000e+00   5.2102e-06   6.9951e-09
1.0000e+05   1.0000e+01   1.0000e+00   3.4117e-05   3.2909e-07
1.0000e+05   1.0000e+02   1.0000e+00   6.4383e-05   3.1073e-06
1.0000e+05   1.0000e+03   1.0000e+00   6.4292e-05   5.3944e-06
1.0000e+05   1.0000e+04   1.0000e+00   6.9402e-05   4.3426e-06
1.0000e+05   1.0000e+05   1.0000e+00   8.1892e-05   1.1622e-05
1.0000e+05   3.5000e+00   1.0000e+00   1.5430e-05   4.3092e-08
1.0000e+05   3.5000e+01   1.0000e+00   5.6434e-05   1.5405e-06
1.0000e+05   3.5000e+02   1.0000e+00   6.3765e-05   4.7162e-06
1.0000e+05   3.5000e+03   1.0000e+00   6.7255e-05   5.3529e-06
1.0000e+05   3.5000e+04   1.0000e+00   7.4893e-05   3.6066e-06
1.0000e+06   1.0000e+00   1.0000e+00   1.3133e-06   3.5871e-08
1.0000e+06   1.0000e+01   1.0000e+00   2.1007e-05   8.5159e-07
1.0000e+06   1.0000e+02   1.0000e+00   1.3307e-04   1.3280e-05
1.0000e+06   1.0000e+03   1.0000e+00   2.1117e-04   4.2293e-05
1.0000e+06   1.0000e+04   1.0000e+00   2.2704e-04   5.5218e-05
1.0000e+06   1.0000e+05   1.0000e+00   2.3850e-04   4.6427e-05
1.0000e+06   3.5000e+00   1.0000e+00   5.6129e-06   1.9073e-07
1.0000e+06   3.5000e+01   1.0000e+00   7.1186e-05   4.5550e-06
1.0000e+06   3.5000e+02   1.0000e+00   1.9325e-04   2.9094e-05
1.0000e+06   3.5000e+03   1.0000e+00   2.1897e-04   5.1671e-05
1.0000e+06   3.5000e+04   1.0000e+00   2.3513e-04   5.3738e-05
1.0000e+07   1.0000e+00   1.0000e+00   2.1091e-08   1.5860e-09
1.0000e+07   1.0000e+01   1.0000e+00   1.3642e-06   3.6534e-07
1.0000e+07   1.0000e+02   1.0000e+00   4.3679e-05   1.5679e-05
1.0000e+07   1.0000e+03   1.0000e+00   2.2336e-04   1.4996e-04
1.0000e+07   1.0000e+04   1.0000e+00   3.2127e-04   3.0682e-04
1.0000e+07   1.0000e+05   1.0000e+00   3.3089e-04   3.2369e-04
1.0000e+07   3.5000e+00   1.0000e+00   2.0101e-07   3.8034e-08
1.0000e+07   3.5000e+01   1.0000e+00   1.0784e-05   3.2949e-06
1.0000e+07   3.5000e+02   1.0000e+00   1.2986e-04   6.8872e-05
1.0000e+07   3.5000e+03   1.0000e+00   3.0243e-04   2.5259e-04
1.0000e+07   3.5000e+04   1.0000e+00   3.2856e-04   3.2713e-04
1.0000e+08   1.0000e+00   1.0000e+00   7.6166e-11   1.3649e-10
1.0000e+08   1.0000e+01   1.0000e+00   2.2413e-08   1.2454e-08
1.0000e+08   1.0000e+02   1.0000e+00   3.2528e-06   4.1713e-06
1.0000e+08   1.0000e+03   1.0000e+00   8.0691e-05   1.3888e-04
1.0000e+08   1.0000e+04   1.0000e+00   2.7824e-04   5.6882e-04
1.0000e+08   1.0000e+05   1.0000e+00   3.5375e-04   7.8265e-04
1.0000e+08   3.5000e+00   1.0000e+00   8.6549e-10   8.2961e-10
1.0000e+08   3.5000e+01   1.0000e+00   4.3726e-07   4.6693e-07
1.0000e+08   3.5000e+02   1.0000e+00   2.4369e-05   3.5966e-05
1.0000e+08   3.5000e+03   1.0000e+00   1.8375e-04   3.5805e-04
1.0000e+08   3.5000e+04   1.0000e+00   3.3225e-04   7.3389e-04
1.0000e+09   1.0000e+00   1.0000e+00   3.0348e-12   4.2916e-11
1.0000e+09   1.0000e+01   1.0000e+00   1.6831e-10   7.5601e-10
1.0000e+09   1.0000e+02   1.0000e+00   7.8806e-08   2.3006e-07
1.0000e+09   1.0000e+03   1.0000e+00   8.7781e-06   5.8225e-05
1.0000e+09   1.0000e+04   1.0000e+00   8.1465e-05   4.3570e-04
1.0000e+09   1.0000e+05   1.0000e+00   2.6416e-04   9.2355e-04
1.0000e+09   3.5000e+00   1.0000e+00   1.7796e-11   1.6536e-10
1.0000e+09   3.5000e+01   1.0000e+00   4.3963e-09   6.9199e-09
1.0000e+09   3.5000e+02   1.0000e+00   1.4157e-06   8.0610e-06
1.0000e+09   3.5000e+03   1.0000e+00   3.4013e-05   2.2089e-04
1.0000e+09   3.5000e+04   1.0000e+00   1.7618e-04   7.3614e-04
3.5000e+05   1.0000e+00   1.0000e+00   3.3052e-06   2.2271e-08
3.5000e+05   1.0000e+01   1.0000e+00   3.3525e-05   5.0064e-07
3.5000e+05   1.0000e+02   1.0000e+00   1.1905e-04   7.0460e-06
3.5000e+05   1.0000e+03   1.0000e+00   1.4144e-04   1.7457e-05
3.5000e+05   1.0000e+04   1.0000e+00   1.5563e-04   2.0046e-05
3.5000e+05   1.0000e+05   1.0000e+00   1.6697e-04   1.8291e-05
3.5000e+05   3.5000e+00   1.0000e+00   1.1314e-05   1.0169e-07
3.5000e+05   3.5000e+01   1.0000e+00   8.1170e-05   2.7773e-06
3.5000e+05   3.5000e+02   1.0000e+00   1.3824e-04   1.3390e-05
3.5000e+05   3.5000e+03   1.0000e+00   1.4845e-04   1.9786e-05
3.5000e+05   3.5000e+04   1.0000e+00   1.6069e-04   1.7969e-05
3.5000e+06   1.0000e+00   1.0000e+00   1.8998e-07   1.3550e-08
3.5000e+06   1.0000e+01   1.0000e+00   6.0727e-06   7.9736e-07
3.5000e+06   1.0000e+02   1.0000e+00   9.1195e-05   1.9308e-05
3.5000e+06   1.0000e+03   1.0000e+00   2.5555e-04   9.9013e-05
3.5000e+06   1.0000e+04   1.0000e+00   2.9122e-04   1.5565e-04
3.5000e+06   1.0000e+05   1.0000e+00   3.0111e-04   1.5180e-04
3.5000e+06   3.5000e+00   1.0000e+00   1.1537e-06   1.2995e-07
3.5000e+06   3.5000e+01   1.0000e+00   3.3692e-05   5.2550e-06
3.5000e+06   3.5000e+02   1.0000e+00   1.8779e-04   5.7808e-05
3.5000e+06   3.5000e+03   1.0000e+00   2.8372e-04   1.3925e-04
3.5000e+06   3.5000e+04   1.0000e+00   2.9820e-04   1.6126e-04
3.5000e+07   1.0000e+00   1.0000e+00   7.0110e-10   2.4523e-10
3.5000e+07   1.0000e+01   1.0000e+00   1.8386e-07   8.3942e-08
3.5000e+07   1.0000e+02   1.0000e+00   1.1692e-05   7.9169e-06
3.5000e+07   1.0000e+03   1.0000e+00   1.4282e-04   1.6040e-04
3.5000e+07   1.0000e+04   1.0000e+00   3.2442e-04   4.9555e-04
3.5000e+07   1.0000e+05   1.0000e+00   3.5088e-04   5.8870e-04
3.5000e+07   3.5000e+00   1.0000e+00   1.5253e-08   3.7789e-09
3.5000e+07   3.5000e+01   1.0000e+00   2.0067e-06   1.2745e-06
3.5000e+07   3.5000e+02   1.0000e+00   6.0383e-05   5.2311e-05
3.5000e+07   3.5000e+03   1.0000e+00   2.6058e-04   3.4974e-04
3.5000e+07   3.5000e+04   1.0000e+00   3.4348e-04   5.7373e-04
3.5000e+08   1.0000e+00   1.0000e+00   1.1584e-11   7.0160e-11
3.5000e+08   1.0000e+01   1.0000e+00   9.3245e-10   1.5785e-09
3.5000e+08   1.0000e+02   1.0000e+00   5.5855e-07   1.3615e-06
3.5000e+08   1.0000e+03   1.0000e+00   2.8625e-05   1.0117e-04
3.5000e+08   1.0000e+04   1.0000e+00   1.5804e-04   5.3624e-04
3.5000e+08   1.0000e+05   1.0000e+00   3.2502e-04   9.1407e-04
3.5000e+08   3.5000e+00   1.0000e+00   6.8977e-11   3.8427e-10
3.5000e+08   3.5000e+01   1.0000e+00   4.2078e-08   5.5874e-08
3.5000e+08   3.5000e+02   1.0000e+00   6.1391e-06   2.0032e-05
3.5000e+08   3.5000e+03   1.0000e+00   8.3857e-05   3.0464e-04
3.5000e+08   3.5000e+04   1.0000e+00   2.5958e-04   8.0256e-04
1.0000e+05   1.0000e+00   1.0000e+01   4.6919e-06   6.3963e-09
1.0000e+05   1.0000e+01   1.0000e+01   3.1831e-05   3.2689e-07
1.0000e+05   1.0000e+02   1.0000e+01   8.2019e-05   3.2194e-06
1.0000e+05   1.0000e+03   1.0000e+01   1.3414e-04   7.5255e-06
1.0000e+05   1.0000e+04   1.0000e+01   1.9763e-04   1.0501e-05
1.0000e+05   1.0000e+05   1.0000e+01   2.7429e-04   1.9805e-05
1.0000e+05   3.5000e+00   1.0000e+01   1.3953e-05   4.0217e-08
1.0000e+05   3.5000e+01   1.0000e+01   5.8728e-05   1.5596e-06
1.0000e+05   3.5000e+02   1.0000e+01   1.0963e-04   5.5319e-06
1.0000e+05   3.5000e+03   1.0000e+01   1.6708e-04   9.5203e-06
1.0000e+05   3.5000e+04   1.0000e+01   2.3799e-04   1.1901e-05
1.0000e+06   1.0000e+00   1.0000e+01   1.1977e-06   3.2486e-08
1.0000e+06   1.0000e+01   1.0000e+01   2.0427e-05   8.3474e-07
1.0000e+06   1.0000e+02   1.0000e+01   1.3194e-04   1.3616e-05
1.0000e+06   1.0000e+03   1.0000e+01   2.9027e-04   5.0592e-05
1.0000e+06   1.0000e+04   1.0000e+01   4.6253e-04   9.6636e-05
1.0000e+06   1.0000e+05   1.0000e+01   6.4656e-04   1.3472e-04
1.0000e+06   3.5000e+00   1.0000e+01   5.3315e-06   1.8190e-07
1.0000e+06   3.5000e+01   1.0000e+01   6.9655e-05   4.5158e-06
1.0000e+06   3.5000e+02   1.0000e+01   2.1558e-04   3.1629e-05
1.0000e+06   3.5000e+03   1.0000e+01   3.8240e-04   7.5576e-05
1.0000e+06   3.5000e+04   1.0000e+01   5.6155e-04   1.1926e-04
1.0000e+07   1.0000e+00   1.0000e+01   1.9063e-08   1.5220e-09
1.0000e+07   1.0000e+01   1.0000e+01   1.4171e-06   4.1189e-07
1.0000e+07   1.0000e+02   1.0000e+01   4.5623e-05   1.7593e-05
1.0000e+07   1.0000e+03   1.0000e+01   2.3490e-04   1.6723e-04
1.0000e+07   1.0000e+04   1.0000e+01   4.8678e-04   4.4007e-04
1.0000e+07   1.0000e+05   1.0000e+01   7.5491e-04   7.3516e-04
1.0000e+07   1.9000e+02   1.0000e+01   8.5666e-05   4.0078e-05
1.0000e+07   1.9000e+03   1.0000e+01   3.0186e-04   2.3569e-04
1.0000e+07   1.9000e+04   1.0000e+01   5.6086e-04   5.2453e-04
1.0000e+07   3.5000e+00   1.0000e+01   2.0076e-07   4.1352e-08
1.0000e+07   3.5000e+01   1.0000e+01   1.1298e-05   3.7244e-06
1.0000e+07   3.5000e+02   1.0000e+01   1.3492e-04   7.6171e-05
1.0000e+07   3.5000e+03   1.0000e+01   3.6833e-04   3.0728e-04
1.0000e+07   3.5000e+04   1.0000e+01   6.3204e-04   6.0455e-04
1.0000e+07   6.7000e+02   1.0000e+01   1.9507e-04   1.2893e-04
1.0000e+07   6.7000e+03   1.0000e+01   4.4108e-04   3.8833e-04
1.0000e+07   6.7000e+04   1.0000e+01   7.0805e-04   6.8683e-04
1.0000e+08   1.0000e+00   1.0000e+01   5.8479e-11   1.6570e-10
1.0000e+08   1.0000e+01   1.0000e+01   2.3194e-08   1.4374e-08
1.0000e+08   1.0000e+02   1.0000e+01   3.7880e-06   5.7427e-06
1.0000e+08   1.0000e+03   1.0000e+01   9.0732e-05   1.7761e-04
1.0000e+08   1.0000e+04   1.0000e+01   3.0376e-04   7.1476e-04
1.0000e+08   1.0000e+05   1.0000e+01   5.5033e-04   1.4034e-03
1.0000e+08   1.9000e+02   1.0000e+01   1.1366e-05   1.8327e-05
1.0000e+08   1.9000e+03   1.0000e+01   1.4239e-04   2.9966e-04
1.0000e+08   1.9000e+04   1.0000e+01   3.7187e-04   9.0075e-04
1.0000e+08   3.5000e+00   1.0000e+01   7.6814e-10   9.5280e-10
1.0000e+08   3.5000e+01   1.0000e+01   4.9777e-07   6.2218e-07
1.0000e+08   3.5000e+02   1.0000e+01   2.8619e-05   4.9076e-05
1.0000e+08   3.5000e+03   1.0000e+01   1.9792e-04   4.3798e-04
1.0000e+08   3.5000e+04   1.0000e+01   4.3745e-04   1.0841e-03
1.0000e+08   6.7000e+02   1.0000e+01   6.2755e-05   1.1659e-04
1.0000e+08   6.7000e+03   1.0000e+01   2.6226e-04   6.0430e-04
1.0000e+08   6.7000e+04   1.0000e+01   5.0719e-04   1.2815e-03
1.0000e+09   1.0000e+00   1.0000e+01   2.2757e-12   4.7250e-11
1.0000e+09   1.0000e+01   1.0000e+01   1.5549e-10   8.0843e-10
1.0000e+09   1.0000e+02   1.0000e+01   8.2940e-08   2.6212e-07
1.0000e+09   1.0000e+03   1.0000e+01   9.7566e-06   7.0072e-05
1.0000e+09   1.0000e+04   1.0000e+01   8.4388e-05   4.8841e-04
1.0000e+09   1.0000e+05   1.0000e+01   2.8551e-04   1.2393e-03
1.0000e+09   1.9000e+02   1.0000e+01   4.2306e-07   2.0722e-06
1.0000e+09   1.9000e+03   1.0000e+01   2.0261e-05   1.4788e-04
1.0000e+09   1.9000e+04   1.0000e+01   1.3045e-04   6.7363e-04
1.0000e+09   3.5000e+00   1.0000e+01   1.4404e-11   1.8598e-10
1.0000e+09   3.5000e+01   1.0000e+01   4.3639e-09   7.2941e-09
1.0000e+09   3.5000e+02   1.0000e+01   1.5994e-06   1.0149e-05
1.0000e+09   3.5000e+03   1.0000e+01   3.5461e-05   2.4879e-04
1.0000e+09   3.5000e+04   1.0000e+01   1.8273e-04   8.6981e-04
1.0000e+09   6.7000e+02   1.0000e+01   5.2886e-06   3.7268e-05
1.0000e+09   6.7000e+03   1.0000e+01   6.1638e-05   3.8681e-04
1.0000e+09   6.7000e+04   1.0000e+01   2.4481e-04   1.0948e-03
1.9000e+07   1.0000e+02   1.0000e+01   2.5089e-05   1.3659e-05
1.9000e+07   1.0000e+03   1.0000e+01   1.9442e-04   1.8784e-04
1.9000e+07   1.0000e+04   1.0000e+01   4.5099e-04   5.6085e-04
1.9000e+07   1.0000e+05   1.0000e+01   7.2975e-04   9.8344e-04
1.9000e+07   1.9000e+02   1.0000e+01   5.4934e-05   3.4654e-05
1.9000e+07   1.9000e+03   1.0000e+01   2.6158e-04   2.7923e-04
1.9000e+07   1.9000e+04   1.0000e+01   5.2796e-04   6.7982e-04
1.9000e+07   3.5000e+02   1.0000e+01   9.7897e-05   7.3641e-05
1.9000e+07   3.5000e+03   1.0000e+01   3.2919e-04   3.7669e-04
1.9000e+07   3.5000e+04   1.0000e+01   6.0194e-04   7.9365e-04
1.9000e+07   6.7000e+02   1.0000e+01   1.5516e-04   1.3815e-04
1.9000e+07   6.7000e+03   1.0000e+01   4.0390e-04   4.8869e-04
1.9000e+07   6.7000e+04   1.0000e+01   6.8098e-04   9.1250e-04
1.9000e+08   1.0000e+02   1.0000e+01   1.6220e-06   3.5379e-06
1.9000e+08   1.0000e+03   1.0000e+01   5.6297e-05   1.5594e-04
1.9000e+08   1.0000e+04   1.0000e+01   2.2562e-04   6.9121e-04
1.9000e+08   1.0000e+05   1.0000e+01   4.5829e-04   1.4279e-03
1.9000e+08   1.9000e+02   1.0000e+01   5.3710e-06   1.2970e-05
1.9000e+08   1.9000e+03   1.0000e+01   9.3367e-05   2.7269e-04
1.9000e+08   1.9000e+04   1.0000e+01   2.8698e-04   8.8602e-04
1.9000e+08   3.5000e+02   1.0000e+01   1.5006e-05   3.8268e-05
1.9000e+08   3.5000e+03   1.0000e+01   1.3618e-04   4.0889e-04
1.9000e+08   3.5000e+04   1.0000e+01   3.4828e-04   1.0811e-03
1.9000e+08   6.7000e+02   1.0000e+01   3.7033e-05   9.8899e-05
1.9000e+08   6.7000e+03   1.0000e+01   1.8955e-04   5.7723e-04
1.9000e+08   6.7000e+04   1.0000e+01   4.1567e-04   1.2946e-03
3.5000e+05   1.0000e+00   1.0000e+01   2.9956e-06   1.9920e-08
3.5000e+05   1.0000e+01   1.0000e+01   3.1697e-05   4.7386e-07
3.5000e+05   1.0000e+02   1.0000e+01   1.2499e-04   7.3586e-06
3.5000e+05   1.0000e+03   1.0000e+01   2.3350e-04   2.2245e-05
3.5000e+05   1.0000e+04   1.0000e+01   3.5252e-04   3.8109e-05
3.5000e+05   1.0000e+05   1.0000e+01   4.8645e-04   5.2065e-05
3.5000e+05   3.5000e+00   1.0000e+01   1.0553e-05   9.4171e-08
3.5000e+05   3.5000e+01   1.0000e+01   7.8537e-05   2.8078e-06
3.5000e+05   3.5000e+02   1.0000e+01   1.8290e-04   1.4899e-05
3.5000e+05   3.5000e+03   1.0000e+01   2.9652e-04   3.1245e-05
3.5000e+05   3.5000e+04   1.0000e+01   4.2391e-04   4.4988e-05
3.5000e+06   1.0000e+00   1.0000e+01   1.7520e-07   1.2697e-08
3.5000e+06   1.0000e+01   1.0000e+01   6.0756e-06   8.2694e-07
3.5000e+06   1.0000e+02   1.0000e+01   9.1970e-05   2.0068e-05
3.5000e+06   1.0000e+03   1.0000e+01   2.8688e-04   1.1120e-04
3.5000e+06   1.0000e+04   1.0000e+01   5.1351e-04   2.4654e-04
3.5000e+06   1.0000e+05   1.0000e+01   7.5105e-04   3.7975e-04
3.5000e+06   3.5000e+00   1.0000e+01   1.1217e-06   1.3076e-07
3.5000e+06   3.5000e+01   1.0000e+01   3.3968e-05   5.4514e-06
3.5000e+06   3.5000e+02   1.0000e+01   1.9149e-04   6.1236e-05
3.5000e+06   3.5000e+03   1.0000e+01   4.0814e-04   1.8217e-04
3.5000e+06   3.5000e+04   1.0000e+01   6.4223e-04   3.2261e-04
3.5000e+07   1.0000e+00   1.0000e+01   5.7363e-10   2.8520e-10
3.5000e+07   1.0000e+01   1.0000e+01   1.9927e-07   1.0417e-07
3.5000e+07   1.0000e+02   1.0000e+01   1.3082e-05   1.0230e-05
3.5000e+07   1.0000e+03   1.0000e+01   1.5514e-04   1.9321e-04
3.5000e+07   1.0000e+04   1.0000e+01   4.0765e-04   6.5164e-04
3.5000e+07   1.0000e+05   1.0000e+01   6.8588e-04   1.1943e-03
3.5000e+07   1.9000e+02   1.0000e+01   3.2807e-05   2.8183e-05
3.5000e+07   1.9000e+03   1.0000e+01   2.1998e-04   3.0267e-04
3.5000e+07   1.9000e+04   1.0000e+01   4.8458e-04   8.0179e-04
3.5000e+07   3.5000e+00   1.0000e+01   1.5047e-08   4.2569e-09
3.5000e+07   3.5000e+01   1.0000e+01   2.2372e-06   1.6358e-06
3.5000e+07   3.5000e+02   1.0000e+01   6.6747e-05   6.5738e-05
3.5000e+07   3.5000e+03   1.0000e+01   2.8638e-04   4.2200e-04
3.5000e+07   3.5000e+04   1.0000e+01   5.5864e-04   9.4736e-04
3.5000e+07   6.7000e+02   1.0000e+01   1.1807e-04   1.3566e-04
3.5000e+07   6.7000e+03   1.0000e+01   3.6055e-04   5.6109e-04
3.5000e+07   6.7000e+04   1.0000e+01   6.3743e-04   1.1014e-03
3.5000e+08   1.0000e+00   1.0000e+01   8.7192e-12   8.3758e-11
3.5000e+08   1.0000e+01   1.0000e+01   8.7183e-10   1.7487e-09
3.5000e+08   1.0000e+02   1.0000e+01   6.4049e-07   1.8092e-06
3.5000e+08   1.0000e+03   1.0000e+01   3.1943e-05   1.2749e-04
3.5000e+08   1.0000e+04   1.0000e+01   1.6226e-04   6.3594e-04
3.5000e+08   1.0000e+05   1.0000e+01   3.8655e-04   1.3968e-03
3.5000e+08   1.9000e+02   1.0000e+01   2.3948e-06   8.1604e-06
3.5000e+08   1.9000e+03   1.0000e+01   5.6143e-05   2.3276e-04
3.5000e+08   1.9000e+04   1.0000e+01   2.1885e-04   8.3276e-04
3.5000e+08   3.5000e+00   1.0000e+01   5.6608e-11   4.3815e-10
3.5000e+08   3.5000e+01   1.0000e+01   4.4528e-08   6.5005e-08
3.5000e+08   3.5000e+02   1.0000e+01   7.3113e-06   2.7225e-05
3.5000e+08   3.5000e+03   1.0000e+01   8.7097e-05   3.5996e-04
3.5000e+08   3.5000e+04   1.0000e+01   2.7751e-04   1.0333e-03
3.5000e+08   6.7000e+02   1.0000e+01   2.0031e-05   7.7588e-05
3.5000e+08   6.7000e+03   1.0000e+01   1.3058e-04   5.2287e-04
3.5000e+08   6.7000e+04   1.0000e+01   3.4402e-04   1.2563e-03
6.7000e+07   1.0000e+02   1.0000e+01   6.1834e-06   7.2933e-06
6.7000e+07   1.0000e+03   1.0000e+01   1.1464e-04   1.8657e-04
6.7000e+07   1.0000e+04   1.0000e+01   3.4884e-04   7.0605e-04
6.7000e+07   1.0000e+05   1.0000e+01   6.1020e-04   1.3506e-03
6.7000e+07   1.9000e+02   1.0000e+01   1.7430e-05   2.1850e-05
6.7000e+07   1.9000e+03   1.0000e+01   1.7310e-04   3.0698e-04
6.7000e+07   1.9000e+04   1.0000e+01   4.2165e-04   8.8183e-04
6.7000e+07   3.5000e+02   1.0000e+01   4.0702e-05   5.5528e-05
6.7000e+07   3.5000e+03   1.0000e+01   2.3445e-04   4.4136e-04
6.7000e+07   3.5000e+04   1.0000e+01   4.9146e-04   1.0540e-03
6.7000e+07   6.7000e+02   1.0000e+01   8.2228e-05   1.2535e-04
6.7000e+07   6.7000e+03   1.0000e+01   3.0424e-04   6.0095e-04
6.7000e+07   6.7000e+04   1.0000e+01   5.6527e-04   1.2384e-03
6.7000e+08   1.0000e+02   1.0000e+01   1.9302e-07   6.1531e-07
6.7000e+08   1.0000e+03   1.0000e+01   1.5907e-05   9.2131e-05
6.7000e+08   1.0000e+04   1.0000e+01   1.1030e-04   5.5086e-04
6.7000e+08   1.0000e+05   1.0000e+01   3.2189e-04   1.3129e-03
6.7000e+08   1.9000e+02   1.0000e+01   8.7446e-07   3.9075e-06
6.7000e+08   1.9000e+03   1.0000e+01   3.0500e-05   1.8122e-04
6.7000e+08   1.9000e+04   1.0000e+01   1.6101e-04   7.4288e-04
6.7000e+08   3.5000e+02   1.0000e+01   2.9932e-06   1.5925e-05
6.7000e+08   3.5000e+03   1.0000e+01   5.0923e-05   2.9340e-04
6.7000e+08   3.5000e+04   1.0000e+01   2.1636e-04   9.4324e-04
6.7000e+08   6.7000e+02   1.0000e+01   9.2042e-06   5.2181e-05
6.7000e+08   6.7000e+03   1.0000e+01   8.3821e-05   4.4344e-04
6.7000e+08   6.7000e+04   1.0000e+01   2.8028e-04   1.1690e-03
1.0000e+05   1.0000e+00   2.0000e+00   4.7100e-06   6.1149e-09
1.0000e+05   1.0000e+01   2.0000e+00   3.2023e-05   3.2108e-07
1.0000e+05   1.0000e+02   2.0000e+00   8.4814e-05   3.2215e-06
1.0000e+05   1.0000e+03   2.0000e+00   1.2368e-04   7.3845e-06
1.0000e+05   1.0000e+04   2.0000e+00   1.3437e-04   8.5359e-06
1.0000e+05   1.0000e+05   2.0000e+00   1.5623e-04   1.5161e-05
1.0000e+05   3.5000e+00   2.0000e+00   1.3976e-05   3.8531e-08
1.0000e+05   3.5000e+01   2.0000e+00   5.9773e-05   1.5534e-06
1.0000e+05   3.5000e+02   2.0000e+00   1.1119e-04   5.5040e-06
1.0000e+05   3.5000e+03   2.0000e+00   1.2852e-04   8.8024e-06
1.0000e+05   3.5000e+04   2.0000e+00   1.4561e-04   8.1881e-06
1.0000e+06   1.0000e+00   2.0000e+00   1.2131e-06   3.1830e-08
1.0000e+06   1.0000e+01   2.0000e+00   2.0423e-05   8.1794e-07
1.0000e+06   1.0000e+02   2.0000e+00   1.3211e-04   1.3510e-05
1.0000e+06   1.0000e+03   2.0000e+00   2.9274e-04   5.0268e-05
1.0000e+06   1.0000e+04   2.0000e+00   4.1250e-04   8.9190e-05
1.0000e+06   1.0000e+05   2.0000e+00   4.4408e-04   9.4761e-05
1.0000e+06   3.5000e+00   2.0000e+00   5.3527e-06   1.7770e-07
1.0000e+06   3.5000e+01   2.0000e+00   6.9657e-05   4.4562e-06
1.0000e+06   3.5000e+02   2.0000e+00   2.1658e-04   3.1574e-05
1.0000e+06   3.5000e+03   2.0000e+00   3.7594e-04   7.3218e-05
1.0000e+06   3.5000e+04   2.0000e+00   4.2998e-04   9.6979e-05
1.0000e+07   1.0000e+00   2.0000e+00   1.9126e-08   1.4283e-09
1.0000e+07   1.0000e+01   2.0000e+00   1.3692e-06   3.7552e-07
1.0000e+07   1.0000e+02   2.0000e+00   4.4289e-05   1.6271e-05
1.0000e+07   1.0000e+03   2.0000e+00   2.3000e-04   1.5952e-04
1.0000e+07   1.0000e+04   2.0000e+00   4.7496e-04   4.1537e-04
1.0000e+07   1.0000e+05   2.0000e+00   6.3280e-04   6.1338e-04
1.0000e+07   3.5000e+00   2.0000e+00   1.9615e-07   3.7813e-08
1.0000e+07   3.5000e+01   2.0000e+00   1.0916e-05   3.4170e-06
1.0000e+07   3.5000e+02   2.0000e+00   1.3181e-04   7.1878e-05
1.0000e+07   3.5000e+03   2.0000e+00   3.6029e-04   2.9282e-04
1.0000e+07   3.5000e+04   2.0000e+00   5.9405e-04   5.4959e-04
1.0000e+08   1.0000e+00   2.0000e+00   6.6270e-11   1.4655e-10
1.0000e+08   1.0000e+01   2.0000e+00   2.2485e-08   1.3006e-08
1.0000e+08   1.0000e+02   2.0000e+00   3.4222e-06   4.6503e-06
1.0000e+08   1.0000e+03   2.0000e+00   8.4854e-05   1.5429e-04
1.0000e+08   1.0000e+04   2.0000e+00   2.9672e-04   6.5393e-04
1.0000e+08   1.0000e+05   2.0000e+00   5.4794e-04   1.2538e-03
1.0000e+08   3.5000e+00   2.0000e+00   8.0582e-10   8.7149e-10
1.0000e+08   3.5000e+01   2.0000e+00   4.5676e-07   5.1468e-07
1.0000e+08   3.5000e+02   2.0000e+00   2.5829e-05   4.0321e-05
1.0000e+08   3.5000e+03   2.0000e+00   1.9098e-04   3.9691e-04
1.0000e+08   3.5000e+04   2.0000e+00   4.3244e-04   9.8749e-04
1.0000e+09   1.0000e+00   2.0000e+00   2.6670e-12   4.4800e-11
1.0000e+09   1.0000e+01   2.0000e+00   1.6252e-10   7.8200e-10
1.0000e+09   1.0000e+02   2.0000e+00   8.0214e-08   2.4128e-07
1.0000e+09   1.0000e+03   2.0000e+00   9.1439e-06   6.2434e-05
1.0000e+09   1.0000e+04   2.0000e+00   8.2885e-05   4.6230e-04
1.0000e+09   1.0000e+05   2.0000e+00   2.8180e-04   1.1735e-03
1.0000e+09   3.5000e+00   2.0000e+00   1.6211e-11   1.7318e-10
1.0000e+09   3.5000e+01   2.0000e+00   4.3832e-09   7.0638e-09
1.0000e+09   3.5000e+02   2.0000e+00   1.4794e-06   8.7689e-06
1.0000e+09   3.5000e+03   2.0000e+00   3.4630e-05   2.3234e-04
1.0000e+09   3.5000e+04   2.0000e+00   1.8014e-04   8.2825e-04
3.5000e+05   1.0000e+00   2.0000e+00   3.0253e-06   1.9330e-08
3.5000e+05   1.0000e+01   2.0000e+00   3.1775e-05   4.6357e-07
3.5000e+05   1.0000e+02   2.0000e+00   1.2642e-04   7.3546e-06
3.5000e+05   1.0000e+03   2.0000e+00   2.3490e-04   2.1928e-05
3.5000e+05   1.0000e+04   2.0000e+00   2.8023e-04   3.3754e-05
3.5000e+05   1.0000e+05   2.0000e+00   3.1075e-04   3.5426e-05
3.5000e+05   3.5000e+00   2.0000e+00   1.0596e-05   9.1337e-08
3.5000e+05   3.5000e+01   2.0000e+00   7.8976e-05   2.7846e-06
3.5000e+05   3.5000e+02   2.0000e+00   1.8681e-04   1.4917e-05
3.5000e+05   3.5000e+03   2.0000e+00   2.6903e-04   2.9770e-05
3.5000e+05   3.5000e+04   2.0000e+00   2.9534e-04   3.4132e-05
3.5000e+06   1.0000e+00   2.0000e+00   1.7589e-07   1.2178e-08
3.5000e+06   1.0000e+01   2.0000e+00   6.0049e-06   7.9312e-07
3.5000e+06   1.0000e+02   2.0000e+00   9.1118e-05   1.9485e-05
3.5000e+06   1.0000e+03   2.0000e+00   2.8479e-04   1.0907e-04
3.5000e+06   1.0000e+04   2.0000e+00   5.0012e-04   2.3430e-04
3.5000e+06   1.0000e+05   2.0000e+00   5.7073e-04   2.9370e-04
3.5000e+06   3.5000e+00   2.0000e+00   1.1149e-06   1.2526e-07
3.5000e+06   3.5000e+01   2.0000e+00   3.3592e-05   5.2591e-06
3.5000e+06   3.5000e+02   2.0000e+00   1.9000e-04   5.9918e-05
3.5000e+06   3.5000e+03   2.0000e+00   4.0506e-04   1.7725e-04
3.5000e+06   3.5000e+04   2.0000e+00   5.5680e-04   2.8359e-04
3.5000e+07   1.0000e+00   2.0000e+00   6.1331e-10   2.5888e-10
3.5000e+07   1.0000e+01   2.0000e+00   1.8746e-07   8.9434e-08
3.5000e+07   1.0000e+02   2.0000e+00   1.2140e-05   8.6413e-06
3.5000e+07   1.0000e+03   2.0000e+00   1.4817e-04   1.7466e-04
3.5000e+07   1.0000e+04   2.0000e+00   3.9262e-04   5.9921e-04
3.5000e+07   1.0000e+05   2.0000e+00   6.3845e-04   1.0409e-03
3.5000e+07   3.5000e+00   2.0000e+00   1.4790e-08   3.8496e-09
3.5000e+07   3.5000e+01   2.0000e+00   2.0760e-06   1.3824e-06
3.5000e+07   3.5000e+02   2.0000e+00   6.2769e-05   5.7198e-05
3.5000e+07   3.5000e+03   2.0000e+00   2.7555e-04   3.8839e-04
3.5000e+07   3.5000e+04   2.0000e+00   5.3699e-04   8.5873e-04
3.5000e+08   1.0000e+00   2.0000e+00   1.0115e-11   7.5141e-11
3.5000e+08   1.0000e+01   2.0000e+00   9.0127e-10   1.6397e-09
3.5000e+08   1.0000e+02   2.0000e+00   5.8565e-07   1.5048e-06
3.5000e+08   1.0000e+03   2.0000e+00   2.9929e-05   1.1075e-04
3.5000e+08   1.0000e+04   2.0000e+00   1.6045e-04   5.9023e-04
3.5000e+08   1.0000e+05   2.0000e+00   3.8420e-04   1.2858e-03
3.5000e+08   3.5000e+00   2.0000e+00   6.2748e-11   4.0424e-10
3.5000e+08   3.5000e+01   2.0000e+00   4.2914e-08   5.8959e-08
3.5000e+08   3.5000e+02   2.0000e+00   6.5257e-06   2.2348e-05
3.5000e+08   3.5000e+03   2.0000e+00   8.5460e-05   3.2936e-04
3.5000e+08   3.5000e+04   2.0000e+00   2.7576e-04   9.6239e-04
1.0000e+05   1.0000e+00   2.0000e+01   4.7045e-06   6.4902e-09
1.0000e+05   1.0000e+01   2.0000e+01   3.1869e-05   3.2832e-07
1.0000e+05   1.0000e+02   2.0000e+01   8.2036e-05   3.2222e-06
1.0000e+05   1.0000e+03   2.0000e+01   1.3416e-04   7.5295e-06
1.0000e+05   1.0000e+04   2.0000e+01   1.9822e-04   1.0536e-05
1.0000e+05   1.0000e+05   2.0000e+01   2.7582e-04   2.0055e-05
1.0000e+05   3.5000e+00   2.0000e+01   1.3987e-05   4.0675e-08
1.0000e+05   3.5000e+01   2.0000e+01   5.8752e-05   1.5619e-06
1.0000e+05   3.5000e+02   2.0000e+01   1.0966e-04   5.5350e-06
1.0000e+05   3.5000e+03   2.0000e+01   1.6706e-04   9.5294e-06
1.0000e+05   3.5000e+04   2.0000e+01   2.3895e-04   1.1994e-05
1.0000e+06   1.0000e+00   2.0000e+01   1.1987e-06   3.2860e-08
1.0000e+06   1.0000e+01   2.0000e+01   2.0441e-05   8.3833e-07
1.0000e+06   1.0000e+02   2.0000e+01   1.3200e-04   1.3640e-05
1.0000e+06   1.0000e+03   2.0000e+01   2.9044e-04   5.0683e-05
1.0000e+06   1.0000e+04   2.0000e+01   4.6291e-04   9.7038e-05
1.0000e+06   1.0000e+05   2.0000e+01   6.4700e-04   1.3605e-04
1.0000e+06   3.5000e+00   2.0000e+01   5.3364e-06   1.8323e-07
1.0000e+06   3.5000e+01   2.0000e+01   6.9695e-05   4.5288e-06
1.0000e+06   3.5000e+02   2.0000e+01   2.1565e-04   3.1674e-05
1.0000e+06   3.5000e+03   2.0000e+01   3.8275e-04   7.5774e-05
1.0000e+06   3.5000e+04   2.0000e+01   5.6205e-04   1.2004e-04
1.0000e+07   1.0000e+00   2.0000e+01   1.9178e-08   1.5609e-09
1.0000e+07   1.0000e+01   2.0000e+01   1.4223e-06   4.1654e-07
1.0000e+07   1.0000e+02   2.0000e+01   4.5782e-05   1.7754e-05
1.0000e+07   1.0000e+03   2.0000e+01   2.3555e-04   1.6832e-04
1.0000e+07   1.0000e+04   2.0000e+01   4.8805e-04   4.4291e-04
1.0000e+07   1.0000e+05   2.0000e+01   7.5748e-04   7.4349e-04
1.0000e+07   1.9000e+02   2.0000e+01   8.5938e-05   4.0410e-05
1.0000e+07   1.9000e+03   2.0000e+01   3.0272e-04   2.3722e-04
1.0000e+07   1.9000e+04   2.0000e+01   5.6243e-04   5.2840e-04
1.0000e+07   3.5000e+00   2.0000e+01   2.0144e-07   4.1957e-08
1.0000e+07   3.5000e+01   2.0000e+01   1.1342e-05   3.7621e-06
1.0000e+07   3.5000e+02   2.0000e+01   1.3531e-04   7.6728e-05
1.0000e+07   3.5000e+03   2.0000e+01   3.6938e-04   3.0933e-04
1.0000e+07   3.5000e+04   2.0000e+01   6.3402e-04   6.0984e-04
1.0000e+07   6.7000e+02   2.0000e+01   1.9562e-04   1.2980e-04
1.0000e+07   6.7000e+03   2.0000e+01   4.4226e-04   3.9084e-04
1.0000e+07   6.7000e+04   2.0000e+01   7.1042e-04   6.9371e-04
1.0000e+08   1.0000e+00   2.0000e+01   5.6748e-11   1.6841e-10
1.0000e+08   1.0000e+01   2.0000e+01   2.3222e-08   1.4490e-08
1.0000e+08   1.0000e+02   2.0000e+01   3.8257e-06   5.8565e-06
1.0000e+08   1.0000e+03   2.0000e+01   9.1312e-05   1.8004e-04
1.0000e+08   1.0000e+04   2.0000e+01   3.0421e-04   7.1998e-04
1.0000e+08   1.0000e+05   2.0000e+01   5.4966e-04   1.4155e-03
1.0000e+08   1.9000e+02   2.0000e+01   1.1481e-05   1.8690e-05
1.0000e+08   1.9000e+03   2.0000e+01   1.4301e-04   3.0296e-04
1.0000e+08   1.9000e+04   2.0000e+01   3.7216e-04   9.0770e-04
1.0000e+08   3.5000e+00   2.0000e+01   7.6281e-10   9.6104e-10
1.0000e+08   3.5000e+01   2.0000e+01   5.0189e-07   6.3323e-07
1.0000e+08   3.5000e+02   2.0000e+01   2.8912e-05   5.0008e-05
1.0000e+08   3.5000e+03   2.0000e+01   1.9854e-04   4.4211e-04
1.0000e+08   3.5000e+04   2.0000e+01   4.3747e-04   1.0927e-03
1.0000e+08   6.7000e+02   2.0000e+01   6.3261e-05   1.1843e-04
1.0000e+08   6.7000e+03   2.0000e+01   2.6277e-04   6.0891e-04
1.0000e+08   6.7000e+04   2.0000e+01   5.0693e-04   1.2924e-03
1.0000e+09   1.0000e+00   2.0000e+01   2.1835e-12   4.7076e-11
1.0000e+09   1.0000e+01   2.0000e+01   1.5410e-10   8.1020e-10
1.0000e+09   1.0000e+02   2.0000e+01   8.2849e-08   2.6298e-07
1.0000e+09   1.0000e+03   2.0000e+01   9.7991e-06   7.0663e-05
1.0000e+09   1.0000e+04   2.0000e+01   8.4503e-05   4.9022e-04
1.0000e+09   1.0000e+05   2.0000e+01   2.8581e-04   1.2454e-03
1.0000e+09   1.9000e+02   2.0000e+01   4.2556e-07   2.0938e-06
1.0000e+09   1.9000e+03   2.0000e+01   2.0310e-05   1.4884e-04
1.0000e+09   1.9000e+04   2.0000e+01   1.3064e-04   6.7629e-04
1.0000e+09   3.5000e+00   2.0000e+01   1.3940e-11   1.8721e-10
1.0000e+09   3.5000e+01   2.0000e+01   4.3586e-09   7.3049e-09
1.0000e+09   3.5000e+02   2.0000e+01   1.6087e-06   1.0259e-05
1.0000e+09   3.5000e+03   2.0000e+01   3.5504e-05   2.5000e-04
1.0000e+09   3.5000e+04   2.0000e+01   1.8296e-04   8.7339e-04
1.0000e+09   6.7000e+02   2.0000e+01   5.3257e-06   3.7672e-05
1.0000e+09   6.7000e+03   2.0000e+01   6.1791e-05   3.8874e-04
1.0000e+09   6.7000e+04   2.0000e+01   2.4507e-04   1.0995e-03
1.9000e+07   1.0000e+02   2.0000e+01   2.5228e-05   1.3842e-05
1.9000e+07   1.0000e+03   2.0000e+01   1.9517e-04   1.8948e-04
1.9000e+07   1.0000e+04   2.0000e+01   4.5240e-04   5.6491e-04
1.9000e+07   1.0000e+05   2.0000e+01   7.3237e-04   9.9442e-04
1.9000e+07   1.9000e+02   2.0000e+01   5.5249e-05   3.5098e-05
1.9000e+07   1.9000e+03   2.0000e+01   2.6256e-04   2.8154e-04
1.9000e+07   1.9000e+04   2.0000e+01   5.2960e-04   6.8521e-04
1.9000e+07   3.5000e+02   2.0000e+01   9.8338e-05   7.4443e-05
1.9000e+07   3.5000e+03   2.0000e+01   3.3036e-04   3.7970e-04
1.9000e+07   3.5000e+04   2.0000e+01   6.0406e-04   8.0094e-04
1.9000e+07   6.7000e+02   2.0000e+01   1.5578e-04   1.3944e-04
1.9000e+07   6.7000e+03   2.0000e+01   4.0517e-04   4.9225e-04
1.9000e+07   6.7000e+04   2.0000e+01   6.8345e-04   9.2196e-04
1.9000e+08   1.0000e+02   2.0000e+01   1.6360e-06   3.6016e-06
1.9000e+08   1.0000e+03   2.0000e+01   5.6625e-05   1.5804e-04
1.9000e+08   1.0000e+04   2.0000e+01   2.2573e-04   6.9567e-04
1.9000e+08   1.0000e+05   2.0000e+01   4.5811e-04   1.4391e-03
1.9000e+08   1.9000e+02   2.0000e+01   5.4253e-06   1.3219e-05
1.9000e+08   1.9000e+03   2.0000e+01   9.3649e-05   2.7555e-04
1.9000e+08   1.9000e+04   2.0000e+01   2.8700e-04   8.9200e-04
1.9000e+08   3.5000e+02   2.0000e+01   1.5167e-05   3.8988e-05
1.9000e+08   3.5000e+03   2.0000e+01   1.3626e-04   4.1229e-04
1.9000e+08   3.5000e+04   2.0000e+01   3.4820e-04   1.0886e-03
1.9000e+08   6.7000e+02   2.0000e+01   3.7344e-05   1.0047e-04
1.9000e+08   6.7000e+03   2.0000e+01   1.8969e-04   5.8119e-04
1.9000e+08   6.7000e+04   2.0000e+01   4.1552e-04   1.3041e-03
3.5000e+05   1.0000e+00   2.0000e+01   2.9997e-06   2.0186e-08
3.5000e+05   1.0000e+01   2.0000e+01   3.1726e-05   4.7646e-07
3.5000e+05   1.0000e+02   2.0000e+01   1.2501e-04   7.3678e-06
3.5000e+05   1.0000e+03   2.0000e+01   2.3356e-04   2.2267e-05
3.5000e+05   1.0000e+04   2.0000e+01   3.5272e-04   3.8214e-05
3.5000e+05   1.0000e+05   2.0000e+01   4.8690e-04   5.2553e-05
3.5000e+05   3.5000e+00   2.0000e+01   1.0576e-05   9.5317e-08
3.5000e+05   3.5000e+01   2.0000e+01   7.8564e-05   2.8142e-06
3.5000e+05   3.5000e+02   2.0000e+01   1.8291e-04   1.4913e-05
3.5000e+05   3.5000e+03   2.0000e+01   2.9653e-04   3.1293e-05
3.5000e+05   3.5000e+04   2.0000e+01   4.2414e-04   4.5217e-05
3.5000e+06   1.0000e+00   2.0000e+01   1.7567e-07   1.2921e-08
3.5000e+06   1.0000e+01   2.0000e+01   6.0872e-06   8.3220e-07
3.5000e+06   1.0000e+02   2.0000e+01   9.2101e-05   2.0154e-05
3.5000e+06   1.0000e+03   2.0000e+01   2.8728e-04   1.1160e-04
3.5000e+06   1.0000e+04   2.0000e+01   5.1449e-04   2.4796e-04
3.5000e+06   1.0000e+05   2.0000e+01   7.5266e-04   3.8388e-04
3.5000e+06   3.5000e+00   2.0000e+01   1.1234e-06   1.3190e-07
3.5000e+06   3.5000e+01   2.0000e+01   3.4025e-05   5.4793e-06
3.5000e+06   3.5000e+02   2.0000e+01   1.9175e-04   6.1451e-05
3.5000e+06   3.5000e+03   2.0000e+01   4.0879e-04   1.8299e-04
3.5000e+06   3.5000e+04   2.0000e+01   6.4360e-04   3.2533e-04
3.5000e+07   1.0000e+00   2.0000e+01   5.6632e-10   2.8846e-10
3.5000e+07   1.0000e+01   2.0000e+01   2.0052e-07   1.0586e-07
3.5000e+07   1.0000e+02   2.0000e+01   1.3185e-05   1.0406e-05
3.5000e+07   1.0000e+03   2.0000e+01   1.5591e-04   1.9534e-04
3.5000e+07   1.0000e+04   2.0000e+01   4.0896e-04   6.5662e-04
3.5000e+07   1.0000e+05   2.0000e+01   6.8775e-04   1.2073e-03
3.5000e+07   1.9000e+02   2.0000e+01   3.3047e-05   2.8643e-05
3.5000e+07   1.9000e+03   2.0000e+01   2.2095e-04   3.0563e-04
3.5000e+07   1.9000e+04   2.0000e+01   4.8619e-04   8.0864e-04
3.5000e+07   3.5000e+00   2.0000e+01   1.5102e-08   4.3251e-09
3.5000e+07   3.5000e+01   2.0000e+01   2.2539e-06   1.6639e-06
3.5000e+07   3.5000e+02   2.0000e+01   6.7182e-05   6.6705e-05
3.5000e+07   3.5000e+03   2.0000e+01   2.8753e-04   4.2581e-04
3.5000e+07   3.5000e+04   2.0000e+01   5.6044e-04   9.5617e-04
3.5000e+07   6.7000e+02   2.0000e+01   1.1872e-04   1.3732e-04
3.5000e+07   6.7000e+03   2.0000e+01   3.6178e-04   5.6549e-04
3.5000e+07   6.7000e+04   2.0000e+01   6.3938e-04   1.1127e-03
3.5000e+08   1.0000e+00   2.0000e+01   8.3957e-12   8.4617e-11
3.5000e+08   1.0000e+01   2.0000e+01   8.6328e-10   1.7555e-09
3.5000e+08   1.0000e+02   2.0000e+01   6.4505e-07   1.8361e-06
3.5000e+08   1.0000e+03   2.0000e+01   3.2120e-05   1.2906e-04
3.5000e+08   1.0000e+04   2.0000e+01   1.6242e-04   6.3937e-04
3.5000e+08   1.0000e+05   2.0000e+01   3.8664e-04   1.4060e-03
3.5000e+08   1.9000e+02   2.0000e+01   2.4164e-06   8.2988e-06
3.5000e+08   1.9000e+03   2.0000e+01   5.6293e-05   2.3495e-04
3.5000e+08   1.9000e+04   2.0000e+01   2.1905e-04   8.3763e-04
3.5000e+08   3.5000e+00   2.0000e+01   5.5275e-11   4.4210e-10
3.5000e+08   3.5000e+01   2.0000e+01   4.4646e-08   6.5489e-08
3.5000e+08   3.5000e+02   2.0000e+01   7.3835e-06   2.7685e-05
3.5000e+08   3.5000e+03   2.0000e+01   8.7235e-05   3.6278e-04
3.5000e+08   3.5000e+04   2.0000e+01   2.7781e-04   1.0395e-03
3.5000e+08   6.7000e+02   2.0000e+01   2.0189e-05   7.8715e-05
3.5000e+08   6.7000e+03   2.0000e+01   1.3069e-04   5.2603e-04
3.5000e+08   6.7000e+04   2.0000e+01   3.4407e-04   1.2640e-03
6.7000e+07   1.0000e+02   2.0000e+01   6.2394e-06   7.4329e-06
6.7000e+07   1.0000e+03   2.0000e+01   1.1533e-04   1.8900e-04
6.7000e+07   1.0000e+04   2.0000e+01   3.4969e-04   7.1137e-04
6.7000e+07   1.0000e+05   2.0000e+01   6.1031e-04   1.3637e-03
6.7000e+07   1.9000e+02   2.0000e+01   1.7593e-05   2.2267e-05
6.7000e+07   1.9000e+03   2.0000e+01   1.7393e-04   3.1031e-04
6.7000e+07   1.9000e+04   2.0000e+01   4.2252e-04   8.8906e-04
6.7000e+07   3.5000e+02   2.0000e+01   4.1065e-05   5.6515e-05
6.7000e+07   3.5000e+03   2.0000e+01   2.3535e-04   4.4556e-04
6.7000e+07   3.5000e+04   2.0000e+01   4.9220e-04   1.0631e-03
6.7000e+07   6.7000e+02   2.0000e+01   8.2824e-05   1.2722e-04
6.7000e+07   6.7000e+03   2.0000e+01   3.0509e-04   6.0568e-04
6.7000e+07   6.7000e+04   2.0000e+01   5.6564e-04   1.2496e-03
6.7000e+08   1.0000e+02   2.0000e+01   1.9338e-07   6.2024e-07
6.7000e+08   1.0000e+03   2.0000e+01   1.5990e-05   9.3080e-05
6.7000e+08   1.0000e+04   2.0000e+01   1.1048e-04   5.5352e-04
6.7000e+08   1.0000e+05   2.0000e+01   3.2219e-04   1.3202e-03
6.7000e+08   1.9000e+02   2.0000e+01   8.7992e-07   3.9569e-06
6.7000e+08   1.9000e+03   2.0000e+01   3.0556e-05   1.8264e-04
6.7000e+08   1.9000e+04   2.0000e+01   1.6119e-04   7.4640e-04
6.7000e+08   3.5000e+02   2.0000e+01   3.0164e-06   1.6140e-05
6.7000e+08   3.5000e+03   2.0000e+01   5.1010e-05   2.9540e-04
6.7000e+08   3.5000e+04   2.0000e+01   2.1654e-04   9.4712e-04
6.7000e+08   6.7000e+02   2.0000e+01   9.2727e-06   5.2825e-05
6.7000e+08   6.7000e+03   2.0000e+01   8.3891e-05   4.4564e-04
6.7000e+08   6.7000e+04   2.0000e+01   2.8059e-04   1.1748e-03
1.0000e+07   1.0000e+02   2.5000e+01   4.5843e-05   1.7813e-05
1.0000e+07   1.0000e+03   2.5000e+01   2.3576e-04   1.6866e-04
1.0000e+07   1.0000e+04   2.5000e+01   4.8841e-04   4.4371e-04
1.0000e+07   1.0000e+05   2.5000e+01   7.5809e-04   7.4568e-04
1.0000e+07   1.9000e+02   2.5000e+01   8.6034e-05   4.0528e-05
1.0000e+07   1.9000e+03   2.5000e+01   3.0297e-04   2.3767e-04
1.0000e+07   1.9000e+04   2.5000e+01   5.6286e-04   5.2942e-04
1.0000e+07   3.5000e+02   2.5000e+01   1.3544e-04   7.6920e-05
1.0000e+07   3.5000e+03   2.5000e+01   3.6968e-04   3.0991e-04
1.0000e+07   3.5000e+04   2.5000e+01   6.3452e-04   6.1108e-04
1.0000e+07   6.7000e+02   2.5000e+01   1.9580e-04   1.3007e-04
1.0000e+07   6.7000e+03   2.5000e+01   4.4261e-04   3.9155e-04
1.0000e+07   6.7000e+04   2.5000e+01   7.1094e-04   6.9547e-04
1.0000e+08   1.0000e+02   2.5000e+01   3.8370e-06   5.8907e-06
1.0000e+08   1.0000e+03   2.5000e+01   9.1477e-05   1.8073e-04
1.0000e+08   1.0000e+04   2.5000e+01   3.0430e-04   7.2108e-04
1.0000e+08   1.0000e+05   2.5000e+01   5.4968e-04   1.4184e-03
1.0000e+08   1.9000e+02   2.5000e+01   1.1514e-05   1.8793e-05
1.0000e+08   1.9000e+03   2.5000e+01   1.4317e-04   3.0388e-04
1.0000e+08   1.9000e+04   2.5000e+01   3.7218e-04   9.0924e-04
1.0000e+08   3.5000e+02   2.5000e+01   2.8990e-05   5.0261e-05
1.0000e+08   3.5000e+03   2.5000e+01   1.9869e-04   4.4324e-04
1.0000e+08   3.5000e+04   2.5000e+01   4.3751e-04   1.0946e-03
1.0000e+08   6.7000e+02   2.5000e+01   6.3409e-05   1.1896e-04
1.0000e+08   6.7000e+03   2.5000e+01   2.6287e-04   6.0998e-04
1.0000e+08   6.7000e+04   2.5000e+01   5.0683e-04   1.2946e-03
1.0000e+09   1.0000e+02   2.5000e+01   8.2913e-08   2.6341e-07
1.0000e+09   1.0000e+03   2.5000e+01   9.8099e-06   7.0802e-05
1.0000e+09   1.0000e+04   2.5000e+01   8.4580e-05   4.9090e-04
1.0000e+09   1.0000e+05   2.5000e+01   2.8580e-04   1.2463e-03
1.0000e+09   1.9000e+02   2.5000e+01   4.2610e-07   2.0992e-06
1.0000e+09   1.9000e+03   2.5000e+01   2.0338e-05   1.4914e-04
1.0000e+09   1.9000e+04   2.5000e+01   1.3073e-04   6.7681e-04
1.0000e+09   3.5000e+02   2.5000e+01   1.6111e-06   1.0286e-05
1.0000e+09   3.5000e+03   2.5000e+01   3.5496e-05   2.5035e-04
1.0000e+09   3.5000e+04   2.5000e+01   1.8303e-04   8.7431e-04
1.0000e+09   6.7000e+02   2.5000e+01   5.3335e-06   3.7762e-05
1.0000e+09   6.7000e+03   2.5000e+01   6.1855e-05   3.8919e-04
1.0000e+09   6.7000e+04   2.5000e+01   2.4508e-04   1.1004e-03
1.9000e+07   1.0000e+02   2.5000e+01   2.5280e-05   1.3905e-05
1.9000e+07   1.0000e+03   2.5000e+01   1.9542e-04   1.9001e-04
1.9000e+07   1.0000e+04   2.5000e+01   4.5279e-04   5.6600e-04
1.9000e+07   1.0000e+05   2.5000e+01   7.3294e-04   9.9724e-04
1.9000e+07   1.9000e+02   2.5000e+01   5.5344e-05   3.5244e-05
1.9000e+07   1.9000e+03   2.5000e+01   2.6285e-04   2.8223e-04
1.9000e+07   1.9000e+04   2.5000e+01   5.3010e-04   6.8666e-04
1.9000e+07   3.5000e+02   2.5000e+01   9.8491e-05   7.4720e-05
1.9000e+07   3.5000e+03   2.5000e+01   3.3072e-04   3.8058e-04
1.9000e+07   3.5000e+04   2.5000e+01   6.0462e-04   8.0279e-04
1.9000e+07   6.7000e+02   2.5000e+01   1.5600e-04   1.3987e-04
1.9000e+07   6.7000e+03   2.5000e+01   4.0554e-04   4.9323e-04
1.9000e+07   6.7000e+04   2.5000e+01   6.8406e-04   9.2439e-04
1.9000e+08   1.0000e+02   2.5000e+01   1.6404e-06   3.6210e-06
1.9000e+08   1.0000e+03   2.5000e+01   5.6709e-05   1.5858e-04
1.9000e+08   1.0000e+04   2.5000e+01   2.2575e-04   6.9657e-04
1.9000e+08   1.0000e+05   2.5000e+01   4.5809e-04   1.4412e-03
1.9000e+08   1.9000e+02   2.5000e+01   5.4411e-06   1.3290e-05
1.9000e+08   1.9000e+03   2.5000e+01   9.3702e-05   2.7629e-04
1.9000e+08   1.9000e+04   2.5000e+01   2.8698e-04   8.9325e-04
1.9000e+08   3.5000e+02   2.5000e+01   1.5210e-05   3.9181e-05
1.9000e+08   3.5000e+03   2.5000e+01   1.3646e-04   4.1338e-04
1.9000e+08   3.5000e+04   2.5000e+01   3.4822e-04   1.0901e-03
1.9000e+08   6.7000e+02   2.5000e+01   3.7425e-05   1.0087e-04
1.9000e+08   6.7000e+03   2.5000e+01   1.8972e-04   5.8208e-04
1.9000e+08   6.7000e+04   2.5000e+01   4.1557e-04   1.3061e-03
3.5000e+07   1.0000e+02   2.5000e+01   1.3216e-05   1.0459e-05
3.5000e+07   1.0000e+03   2.5000e+01   1.5616e-04   1.9602e-04
3.5000e+07   1.0000e+04   2.5000e+01   4.0926e-04   6.5780e-04
3.5000e+07   1.0000e+05   2.5000e+01   6.8810e-04   1.2103e-03
3.5000e+07   1.9000e+02   2.5000e+01   3.3122e-05   2.8786e-05
3.5000e+07   1.9000e+03   2.5000e+01   2.2126e-04   3.0652e-04
3.5000e+07   1.9000e+04   2.5000e+01   4.8657e-04   8.1026e-04
3.5000e+07   3.5000e+02   2.5000e+01   6.7323e-05   6.7015e-05
3.5000e+07   3.5000e+03   2.5000e+01   2.8786e-04   4.2691e-04
3.5000e+07   3.5000e+04   2.5000e+01   5.6084e-04   9.5811e-04
3.5000e+07   6.7000e+02   2.5000e+01   1.1893e-04   1.3786e-04
3.5000e+07   6.7000e+03   2.5000e+01   3.6210e-04   5.6666e-04
3.5000e+07   6.7000e+04   2.5000e+01   6.3977e-04   1.1151e-03
3.5000e+08   1.0000e+02   2.5000e+01   6.4650e-07   1.8444e-06
3.5000e+08   1.0000e+03   2.5000e+01   3.2159e-05   1.2943e-04
3.5000e+08   1.0000e+04   2.5000e+01   1.6246e-04   6.4009e-04
3.5000e+08   1.0000e+05   2.5000e+01   3.8662e-04   1.4077e-03
3.5000e+08   1.9000e+02   2.5000e+01   2.4223e-06   8.3371e-06
3.5000e+08   1.9000e+03   2.5000e+01   5.6314e-05   2.3542e-04
3.5000e+08   1.9000e+04   2.5000e+01   2.1905e-04   8.3869e-04
3.5000e+08   3.5000e+02   2.5000e+01   7.4023e-06   2.7806e-05
3.5000e+08   3.5000e+03   2.5000e+01   8.7271e-05   3.6346e-04
3.5000e+08   3.5000e+04   2.5000e+01   2.7784e-04   1.0408e-03
3.5000e+08   6.7000e+02   2.5000e+01   2.0230e-05   7.8993e-05
3.5000e+08   6.7000e+03   2.5000e+01   1.3073e-04   5.2672e-04
3.5000e+08   6.7000e+04   2.5000e+01   3.4418e-04   1.2656e-03
6.7000e+07   1.0000e+02   2.5000e+01   6.2564e-06   7.4753e-06
6.7000e+07   1.0000e+03   2.5000e+01   1.1555e-04   1.8973e-04
6.7000e+07   1.0000e+04   2.5000e+01   3.4987e-04   7.1257e-04
6.7000e+07   1.0000e+05   2.5000e+01   6.1028e-04   1.3665e-03
6.7000e+07   1.9000e+02   2.5000e+01   1.7640e-05   2.2387e-05
6.7000e+07   1.9000e+03   2.5000e+01   1.7416e-04   3.1128e-04
6.7000e+07   1.9000e+04   2.5000e+01   4.2273e-04   8.9073e-04
6.7000e+07   3.5000e+02   2.5000e+01   4.1170e-05   5.6805e-05
6.7000e+07   3.5000e+03   2.5000e+01   2.3560e-04   4.4675e-04
6.7000e+07   3.5000e+04   2.5000e+01   4.9236e-04   1.0652e-03
6.7000e+07   6.7000e+02   2.5000e+01   8.3007e-05   1.2778e-04
6.7000e+07   6.7000e+03   2.5000e+01   3.0529e-04   6.0684e-04
6.7000e+07   6.7000e+04   2.5000e+01   5.6568e-04   1.2521e-03
6.7000e+08   1.0000e+02   2.5000e+01   1.9360e-07   6.2191e-07
6.7000e+08   1.0000e+03   2.5000e+01   1.6009e-05   9.3297e-05
6.7000e+08   1.0000e+04   2.5000e+01   1.1049e-04   5.5382e-04
6.7000e+08   1.0000e+05   2.5000e+01   3.2232e-04   1.3219e-03
6.7000e+08   1.9000e+02   2.5000e+01   8.8145e-07   3.9704e-06
6.7000e+08   1.9000e+03   2.5000e+01   3.0595e-05   1.8299e-04
6.7000e+08   1.9000e+04   2.5000e+01   1.6117e-04   7.4684e-04
6.7000e+08   3.5000e+02   2.5000e+01   3.0223e-06   1.6195e-05
6.7000e+08   3.5000e+03   2.5000e+01   5.1035e-05   2.9582e-04
6.7000e+08   3.5000e+04   2.5000e+01   2.1659e-04   9.4848e-04
6.7000e+08   6.7000e+02   2.5000e+01   9.2878e-06   5.2972e-05
6.7000e+08   6.7000e+03   2.5000e+01   8.3974e-05   4.4608e-04
6.7000e+08   6.7000e+04   2.5000e+01   2.8070e-04   1.1760e-03
1.0000e+05   1.0000e+00   3.0000e+01   4.7009e-06   6.5113e-09
1.0000e+05   1.0000e+01   3.0000e+01   3.1869e-05   3.2877e-07
1.0000e+05   1.0000e+02   3.0000e+01   8.2027e-05   3.2234e-06
1.0000e+05   1.0000e+03   3.0000e+01   1.3414e-04   7.5314e-06
1.0000e+05   1.0000e+04   3.0000e+01   1.9872e-04   1.0560e-05
1.0000e+05   1.0000e+05   3.0000e+01   2.7744e-04   2.0404e-05
1.0000e+05   3.5000e+00   3.0000e+01   1.3990e-05   4.0815e-08
1.0000e+05   3.5000e+01   3.0000e+01   5.8747e-05   1.5627e-06
1.0000e+05   3.5000e+02   3.0000e+01   1.0960e-04   5.5362e-06
1.0000e+05   3.5000e+03   3.0000e+01   1.6700e-04   9.5342e-06
1.0000e+05   3.5000e+04   3.0000e+01   2.3986e-04   1.2078e-05
1.0000e+06   1.0000e+00   3.0000e+01   1.1973e-06   3.2969e-08
1.0000e+06   1.0000e+01   3.0000e+01   2.0446e-05   8.3973e-07
1.0000e+06   1.0000e+02   3.0000e+01   1.3203e-04   1.3654e-05
1.0000e+06   1.0000e+03   3.0000e+01   2.9051e-04   5.0730e-05
1.0000e+06   1.0000e+04   3.0000e+01   4.6314e-04   9.7221e-05
1.0000e+06   1.0000e+05   3.0000e+01   6.4746e-04   1.3688e-04
1.0000e+06   3.5000e+00   3.0000e+01   5.3359e-06   1.8365e-07
1.0000e+06   3.5000e+01   3.0000e+01   6.9712e-05   4.5345e-06
1.0000e+06   3.5000e+02   3.0000e+01   2.1566e-04   3.1693e-05
1.0000e+06   3.5000e+03   3.0000e+01   3.8271e-04   7.5851e-05
1.0000e+06   3.5000e+04   3.0000e+01   5.6246e-04   1.2041e-04
1.0000e+07   1.0000e+00   3.0000e+01   1.9211e-08   1.5785e-09
1.0000e+07   1.0000e+01   3.0000e+01   1.4269e-06   4.1958e-07
1.0000e+07   1.0000e+02   3.0000e+01   4.5892e-05   1.7862e-05
1.0000e+07   1.0000e+03   3.0000e+01   2.3592e-04   1.6892e-04
1.0000e+07   1.0000e+04   3.0000e+01   4.8872e-04   4.4438e-04
1.0000e+07   1.0000e+05   3.0000e+01   7.5827e-04   7.4704e-04
1.0000e+07   1.9000e+02   3.0000e+01   8.6116e-05   4.0626e-05
1.0000e+07   1.9000e+03   3.0000e+01   3.0316e-04   2.3801e-04
1.0000e+07   1.9000e+04   3.0000e+01   5.6320e-04   5.3023e-04
1.0000e+07   3.5000e+00   3.0000e+01   2.0189e-07   4.2312e-08
1.0000e+07   3.5000e+01   3.0000e+01   1.1374e-05   3.7869e-06
1.0000e+07   3.5000e+02   3.0000e+01   1.3555e-04   7.7073e-05
1.0000e+07   3.5000e+03   3.0000e+01   3.6991e-04   3.1035e-04
1.0000e+07   3.5000e+04   3.0000e+01   6.3487e-04   6.1213e-04
1.0000e+07   6.7000e+02   3.0000e+01   1.9594e-04   1.3029e-04
1.0000e+07   6.7000e+03   3.0000e+01   4.4289e-04   3.9214e-04
1.0000e+07   6.7000e+04   3.0000e+01   7.1134e-04   6.9690e-04
1.0000e+08   1.0000e+00   3.0000e+01   5.5884e-11   1.6972e-10
1.0000e+08   1.0000e+01   3.0000e+01   2.3257e-08   1.4570e-08
1.0000e+08   1.0000e+02   3.0000e+01   3.8472e-06   5.9218e-06
1.0000e+08   1.0000e+03   3.0000e+01   9.1633e-05   1.8139e-04
1.0000e+08   1.0000e+04   3.0000e+01   3.0439e-04   7.2221e-04
1.0000e+08   1.0000e+05   3.0000e+01   5.4957e-04   1.4206e-03
1.0000e+08   1.9000e+02   3.0000e+01   1.1548e-05   1.8899e-05
1.0000e+08   1.9000e+03   3.0000e+01   1.4333e-04   3.0473e-04
1.0000e+08   1.9000e+04   3.0000e+01   3.7226e-04   9.1057e-04
1.0000e+08   3.5000e+00   3.0000e+01   7.6079e-10   9.6619e-10
1.0000e+08   3.5000e+01   3.0000e+01   5.0433e-07   6.3984e-07
1.0000e+08   3.5000e+02   3.0000e+01   2.9079e-05   5.0541e-05
1.0000e+08   3.5000e+03   3.0000e+01   1.9884e-04   4.4425e-04
1.0000e+08   3.5000e+04   3.0000e+01   4.3748e-04   1.0961e-03
1.0000e+08   6.7000e+02   3.0000e+01   6.3546e-05   1.1948e-04
1.0000e+08   6.7000e+03   3.0000e+01   2.6301e-04   6.1117e-04
1.0000e+08   6.7000e+04   3.0000e+01   5.0683e-04   1.2966e-03
1.0000e+09   1.0000e+00   3.0000e+01   2.1418e-12   4.6928e-11
1.0000e+09   1.0000e+01   3.0000e+01   1.5368e-10   8.1185e-10
1.0000e+09   1.0000e+02   3.0000e+01   8.2976e-08   2.6380e-07
1.0000e+09   1.0000e+03   3.0000e+01   9.8274e-06   7.0968e-05
1.0000e+09   1.0000e+04   3.0000e+01   8.4597e-05   4.9097e-04
1.0000e+09   1.0000e+05   3.0000e+01   2.8589e-04   1.2474e-03
1.0000e+09   1.9000e+02   3.0000e+01   4.2559e-07   2.1010e-06
1.0000e+09   1.9000e+03   3.0000e+01   2.0359e-05   1.4934e-04
1.0000e+09   1.9000e+04   3.0000e+01   1.3073e-04   6.7734e-04
1.0000e+09   3.5000e+00   3.0000e+01   1.3716e-11   1.8787e-10
1.0000e+09   3.5000e+01   3.0000e+01   4.3580e-09   7.3140e-09
1.0000e+09   3.5000e+02   3.0000e+01   1.6131e-06   1.0310e-05
1.0000e+09   3.5000e+03   3.0000e+01   3.5543e-05   2.5079e-04
1.0000e+09   3.5000e+04   3.0000e+01   1.8310e-04   8.7489e-04
1.0000e+09   6.7000e+02   3.0000e+01   5.3404e-06   3.7840e-05
1.0000e+09   6.7000e+03   3.0000e+01   6.1835e-05   3.8950e-04
1.0000e+09   6.7000e+04   3.0000e+01   2.4511e-04   1.1011e-03
1.9000e+07   1.0000e+02   3.0000e+01   2.5306e-05   1.3958e-05
1.9000e+07   1.0000e+03   3.0000e+01   1.9561e-04   1.9043e-04
1.9000e+07   1.0000e+04   3.0000e+01   4.5315e-04   5.6696e-04
1.9000e+07   1.0000e+05   3.0000e+01   7.3339e-04   9.9939e-04
1.9000e+07   1.9000e+02   3.0000e+01   5.5430e-05   3.5378e-05
1.9000e+07   1.9000e+03   3.0000e+01   2.6308e-04   2.8278e-04
1.9000e+07   1.9000e+04   3.0000e+01   5.3045e-04   6.8776e-04
1.9000e+07   3.5000e+02   3.0000e+01   9.8620e-05   7.4955e-05
1.9000e+07   3.5000e+03   3.0000e+01   3.3098e-04   3.8126e-04
1.9000e+07   3.5000e+04   3.0000e+01   6.0495e-04   8.0406e-04
1.9000e+07   6.7000e+02   3.0000e+01   1.5617e-04   1.4023e-04
1.9000e+07   6.7000e+03   3.0000e+01   4.0585e-04   4.9410e-04
1.9000e+07   6.7000e+04   3.0000e+01   6.8447e-04   9.2608e-04
1.9000e+08   1.0000e+02   3.0000e+01   1.6443e-06   3.6378e-06
1.9000e+08   1.0000e+03   3.0000e+01   5.6800e-05   1.5914e-04
1.9000e+08   1.0000e+04   3.0000e+01   2.2577e-04   6.9750e-04
1.9000e+08   1.0000e+05   3.0000e+01   4.5800e-04   1.4433e-03
1.9000e+08   1.9000e+02   3.0000e+01   5.4547e-06   1.3353e-05
1.9000e+08   1.9000e+03   3.0000e+01   9.3778e-05   2.7702e-04
1.9000e+08   1.9000e+04   3.0000e+01   2.8699e-04   8.9440e-04
1.9000e+08   3.5000e+02   3.0000e+01   1.5254e-05   3.9376e-05
1.9000e+08   3.5000e+03   3.0000e+01   1.3652e-04   4.1426e-04
1.9000e+08   3.5000e+04   3.0000e+01   3.4815e-04   1.0915e-03
1.9000e+08   6.7000e+02   3.0000e+01   3.7515e-05   1.0131e-04
1.9000e+08   6.7000e+03   3.0000e+01   1.8975e-04   5.8306e-04
1.9000e+08   6.7000e+04   3.0000e+01   4.1547e-04   1.3078e-03
3.5000e+05   1.0000e+00   3.0000e+01   2.9966e-06   2.0252e-08
3.5000e+05   1.0000e+01   3.0000e+01   3.1723e-05   4.7715e-07
3.5000e+05   1.0000e+02   3.0000e+01   1.2502e-04   7.3719e-06
3.5000e+05   1.0000e+03   3.0000e+01   2.3355e-04   2.2277e-05
3.5000e+05   1.0000e+04   3.0000e+01   3.5296e-04   3.8268e-05
3.5000e+05   1.0000e+05   3.0000e+01   4.8755e-04   5.2976e-05
3.5000e+05   3.5000e+00   3.0000e+01   1.0577e-05   9.5591e-08
3.5000e+05   3.5000e+01   3.0000e+01   7.8566e-05   2.8165e-06
3.5000e+05   3.5000e+02   3.0000e+01   1.8294e-04   1.4920e-05
3.5000e+05   3.5000e+03   3.0000e+01   2.9654e-04   3.1315e-05
3.5000e+05   3.5000e+04   3.0000e+01   4.2452e-04   4.5372e-05
3.5000e+06   1.0000e+00   3.0000e+01   1.7571e-07   1.3017e-08
3.5000e+06   1.0000e+01   3.0000e+01   6.0943e-06   8.3509e-07
3.5000e+06   1.0000e+02   3.0000e+01   9.2184e-05   2.0207e-05
3.5000e+06   1.0000e+03   3.0000e+01   2.8749e-04   1.1181e-04
3.5000e+06   1.0000e+04   3.0000e+01   5.1494e-04   2.4864e-04
3.5000e+06   1.0000e+05   3.0000e+01   7.5338e-04   3.8586e-04
3.5000e+06   3.5000e+00   3.0000e+01   1.1243e-06   1.3247e-07
3.5000e+06   3.5000e+01   3.0000e+01   3.4061e-05   5.4961e-06
3.5000e+06   3.5000e+02   3.0000e+01   1.9190e-04   6.1572e-05
3.5000e+06   3.5000e+03   3.0000e+01   4.0911e-04   1.8337e-04
3.5000e+06   3.5000e+04   3.0000e+01   6.4420e-04   3.2652e-04
3.5000e+07   1.0000e+00   3.0000e+01   5.6174e-10   2.9009e-10
3.5000e+07   1.0000e+01   3.0000e+01   2.0125e-07   1.0687e-07
3.5000e+07   1.0000e+02   3.0000e+01   1.3248e-05   1.0516e-05
3.5000e+07   1.0000e+03   3.0000e+01   1.5637e-04   1.9659e-04
3.5000e+07   1.0000e+04   3.0000e+01   4.0955e-04   6.5894e-04
3.5000e+07   1.0000e+05   3.0000e+01   6.8838e-04   1.2127e-03
3.5000e+07   1.9000e+02   3.0000e+01   3.3198e-05   2.8932e-05
3.5000e+07   1.9000e+03   3.0000e+01   2.2150e-04   3.0726e-04
3.5000e+07   1.9000e+04   3.0000e+01   4.8689e-04   8.1160e-04
3.5000e+07   3.5000e+00   3.0000e+01   1.5136e-08   4.3662e-09
3.5000e+07   3.5000e+01   3.0000e+01   2.2638e-06   1.6809e-06
3.5000e+07   3.5000e+02   3.0000e+01   6.7455e-05   6.7306e-05
3.5000e+07   3.5000e+03   3.0000e+01   2.8814e-04   4.2780e-04
3.5000e+07   3.5000e+04   3.0000e+01   5.6118e-04   9.5976e-04
3.5000e+07   6.7000e+02   3.0000e+01   1.1911e-04   1.3833e-04
3.5000e+07   6.7000e+03   3.0000e+01   3.6240e-04   5.6775e-04
3.5000e+07   6.7000e+04   3.0000e+01   6.4008e-04   1.1172e-03
3.5000e+08   1.0000e+00   3.0000e+01   8.2451e-12   8.4906e-11
3.5000e+08   1.0000e+01   3.0000e+01   8.5977e-10   1.7610e-09
3.5000e+08   1.0000e+02   3.0000e+01   6.4770e-07   1.8513e-06
3.5000e+08   1.0000e+03   3.0000e+01   3.2194e-05   1.2979e-04
3.5000e+08   1.0000e+04   3.0000e+01   1.6243e-04   6.4089e-04
3.5000e+08   1.0000e+05   3.0000e+01   3.8667e-04   1.4096e-03
3.5000e+08   1.9000e+02   3.0000e+01   2.4274e-06   8.3702e-06
3.5000e+08   1.9000e+03   3.0000e+01   5.6357e-05   2.3598e-04
3.5000e+08   1.9000e+04   3.0000e+01   2.1907e-04   8.3959e-04
3.5000e+08   3.5000e+00   3.0000e+01   5.4601e-11   4.4414e-10
3.5000e+08   3.5000e+01   3.0000e+01   4.4699e-08   6.5767e-08
3.5000e+08   3.5000e+02   3.0000e+01   7.4192e-06   2.7912e-05
3.5000e+08   3.5000e+03   3.0000e+01   8.7297e-05   3.6412e-04
3.5000e+08   3.5000e+04   3.0000e+01   2.7790e-04   1.0419e-03
3.5000e+08   6.7000e+02   3.0000e+01   2.0271e-05   7.9276e-05
3.5000e+08   6.7000e+03   3.0000e+01   1.3075e-04   5.2745e-04
3.5000e+08   6.7000e+04   3.0000e+01   3.4417e-04   1.2670e-03
6.7000e+07   1.0000e+02   3.0000e+01   6.2735e-06   7.5171e-06
6.7000e+07   1.0000e+03   3.0000e+01   1.1573e-04   1.9039e-04
6.7000e+07   1.0000e+04   3.0000e+01   3.5006e-04   7.1378e-04
6.7000e+07   1.0000e+05   3.0000e+01   6.1034e-04   1.3689e-03
6.7000e+07   1.9000e+02   3.0000e+01   1.7691e-05   2.2517e-05
6.7000e+07   1.9000e+03   3.0000e+01   1.7437e-04   3.1213e-04
6.7000e+07   1.9000e+04   3.0000e+01   4.2290e-04   8.9215e-04
6.7000e+07   3.5000e+02   3.0000e+01   4.1280e-05   5.7105e-05
6.7000e+07   3.5000e+03   3.0000e+01   2.3582e-04   4.4777e-04
6.7000e+07   3.5000e+04   3.0000e+01   4.9248e-04   1.0668e-03
6.7000e+07   6.7000e+02   3.0000e+01   8.3176e-05   1.2831e-04
6.7000e+07   6.7000e+03   3.0000e+01   3.0551e-04   6.0804e-04
6.7000e+07   6.7000e+04   3.0000e+01   5.6578e-04   1.2542e-03
6.7000e+08   1.0000e+02   3.0000e+01   1.9382e-07   6.2341e-07
6.7000e+08   1.0000e+03   3.0000e+01   1.6029e-05   9.3511e-05
6.7000e+08   1.0000e+04   3.0000e+01   1.1049e-04   5.5431e-04
6.7000e+08   1.0000e+05   3.0000e+01   3.2220e-04   1.3231e-03
6.7000e+08   1.9000e+02   3.0000e+01   8.8274e-07   3.9822e-06
6.7000e+08   1.9000e+03   3.0000e+01   3.0613e-05   1.8331e-04
6.7000e+08   1.9000e+04   3.0000e+01   1.6130e-04   7.4776e-04
6.7000e+08   3.5000e+02   3.0000e+01   3.0274e-06   1.6242e-05
6.7000e+08   3.5000e+03   3.0000e+01   5.1077e-05   2.9625e-04
6.7000e+08   3.5000e+04   3.0000e+01   2.1659e-04   9.4934e-04
6.7000e+08   6.7000e+02   3.0000e+01   9.3065e-06   5.3127e-05
6.7000e+08   6.7000e+03   3.0000e+01   8.3975e-05   4.4659e-04
6.7000e+08   6.7000e+04   3.0000e+01   2.8073e-04   1.1772e-03
1.0000e+07   1.0000e+02   3.5000e+01   4.5930e-05   1.7902e-05
1.0000e+07   1.0000e+03   3.5000e+01   2.3605e-04   1.6913e-04
1.0000e+07   1.0000e+04   3.5000e+01   4.8897e-04   4.4493e-04
1.0000e+07   1.0000e+05   3.5000e+01   7.5862e-04   7.4848e-04
1.0000e+07   1.9000e+02   3.5000e+01   8.6182e-05   4.0705e-05
1.0000e+07   1.9000e+03   3.5000e+01   3.0332e-04   2.3829e-04
1.0000e+07   1.9000e+04   3.5000e+01   5.6348e-04   5.3089e-04
1.0000e+07   3.5000e+02   3.5000e+01   1.3564e-04   7.7197e-05
1.0000e+07   3.5000e+03   3.5000e+01   3.7009e-04   3.1071e-04
1.0000e+07   3.5000e+04   3.5000e+01   6.3517e-04   6.1292e-04
1.0000e+07   6.7000e+02   3.5000e+01   1.9606e-04   1.3047e-04
1.0000e+07   6.7000e+03   3.5000e+01   4.4311e-04   3.9262e-04
1.0000e+07   6.7000e+04   3.5000e+01   7.1163e-04   6.9804e-04
1.0000e+08   1.0000e+02   3.5000e+01   3.8581e-06   5.9552e-06
1.0000e+08   1.0000e+03   3.5000e+01   9.1761e-05   1.8194e-04
1.0000e+08   1.0000e+04   3.5000e+01   3.0448e-04   7.2323e-04
1.0000e+08   1.0000e+05   3.5000e+01   5.4948e-04   1.4225e-03
1.0000e+08   1.9000e+02   3.5000e+01   1.1575e-05   1.8995e-05
1.0000e+08   1.9000e+03   3.5000e+01   1.4346e-04   3.0544e-04
1.0000e+08   1.9000e+04   3.5000e+01   3.7230e-04   9.1168e-04
1.0000e+08   3.5000e+02   3.5000e+01   2.9152e-05   5.0780e-05
1.0000e+08   3.5000e+03   3.5000e+01   1.9896e-04   4.4509e-04
1.0000e+08   3.5000e+04   3.5000e+01   4.3744e-04   1.0974e-03
1.0000e+08   6.7000e+02   3.5000e+01   6.3665e-05   1.1992e-04
1.0000e+08   6.7000e+03   3.5000e+01   2.6310e-04   6.1217e-04
1.0000e+08   6.7000e+04   3.5000e+01   5.0676e-04   1.2982e-03
1.0000e+09   1.0000e+02   3.5000e+01   8.3040e-08   2.6417e-07
1.0000e+09   1.0000e+03   3.5000e+01   9.8339e-06   7.1085e-05
1.0000e+09   1.0000e+04   3.5000e+01   8.4684e-05   4.9166e-04
1.0000e+09   1.0000e+05   3.5000e+01   2.8593e-04   1.2486e-03
1.0000e+09   1.9000e+02   3.5000e+01   4.2598e-07   2.1051e-06
1.0000e+09   1.9000e+03   3.5000e+01   2.0354e-05   1.4950e-04
1.0000e+09   1.9000e+04   3.5000e+01   1.3075e-04   6.7779e-04
1.0000e+09   3.5000e+02   3.5000e+01   1.6150e-06   1.0332e-05
1.0000e+09   3.5000e+03   3.5000e+01   3.5570e-05   2.5102e-04
1.0000e+09   3.5000e+04   3.5000e+01   1.8310e-04   8.7545e-04
1.0000e+09   6.7000e+02   3.5000e+01   5.3473e-06   3.7919e-05
1.0000e+09   6.7000e+03   3.5000e+01   6.1830e-05   3.8982e-04
1.0000e+09   6.7000e+04   3.5000e+01   2.4520e-04   1.1018e-03
1.9000e+07   1.0000e+02   3.5000e+01   2.5357e-05   1.4011e-05
1.9000e+07   1.0000e+03   3.5000e+01   1.9577e-04   1.9078e-04
1.9000e+07   1.0000e+04   3.5000e+01   4.5342e-04   5.6775e-04
1.9000e+07   1.0000e+05   3.5000e+01   7.3375e-04   1.0012e-03
1.9000e+07   1.9000e+02   3.5000e+01   5.5498e-05   3.5485e-05
1.9000e+07   1.9000e+03   3.5000e+01   2.6327e-04   2.8322e-04
1.9000e+07   1.9000e+04   3.5000e+01   5.3075e-04   6.8867e-04
1.9000e+07   3.5000e+02   3.5000e+01   9.8724e-05   7.5146e-05
1.9000e+07   3.5000e+03   3.5000e+01   3.3120e-04   3.8182e-04
1.9000e+07   3.5000e+04   3.5000e+01   6.0525e-04   8.0515e-04
1.9000e+07   6.7000e+02   3.5000e+01   1.5631e-04   1.4051e-04
1.9000e+07   6.7000e+03   3.5000e+01   4.0612e-04   4.9482e-04
1.9000e+07   6.7000e+04   3.5000e+01   6.8477e-04   9.2760e-04
1.9000e+08   1.0000e+02   3.5000e+01   1.6487e-06   3.6561e-06
1.9000e+08   1.0000e+03   3.5000e+01   5.6873e-05   1.5963e-04
1.9000e+08   1.0000e+04   3.5000e+01   2.2578e-04   6.9837e-04
1.9000e+08   1.0000e+05   3.5000e+01   4.5798e-04   1.4450e-03
1.9000e+08   1.9000e+02   3.5000e+01   5.4700e-06   1.3423e-05
1.9000e+08   1.9000e+03   3.5000e+01   9.3863e-05   2.7764e-04
1.9000e+08   1.9000e+04   3.5000e+01   2.8700e-04   8.9538e-04
1.9000e+08   3.5000e+02   3.5000e+01   1.5297e-05   3.9567e-05
1.9000e+08   3.5000e+03   3.5000e+01   1.3657e-04   4.1500e-04
1.9000e+08   3.5000e+04   3.5000e+01   3.4817e-04   1.0927e-03
1.9000e+08   6.7000e+02   3.5000e+01   3.7590e-05   1.0170e-04
1.9000e+08   6.7000e+03   3.5000e+01   1.8979e-04   5.8395e-04
1.9000e+08   6.7000e+04   3.5000e+01   4.1545e-04   1.3091e-03
3.5000e+07   1.0000e+02   3.5000e+01   1.3275e-05   1.0564e-05
3.5000e+07   1.0000e+03   3.5000e+01   1.5654e-04   1.9706e-04
3.5000e+07   1.0000e+04   3.5000e+01   4.0982e-04   6.5990e-04
3.5000e+07   1.0000e+05   3.5000e+01   6.8861e-04   1.2147e-03
3.5000e+07   1.9000e+02   3.5000e+01   3.3261e-05   2.9053e-05
3.5000e+07   1.9000e+03   3.5000e+01   2.2170e-04   3.0786e-04
3.5000e+07   1.9000e+04   3.5000e+01   4.8714e-04   8.1267e-04
3.5000e+07   3.5000e+02   3.5000e+01   6.7562e-05   6.7544e-05
3.5000e+07   3.5000e+03   3.5000e+01   2.8837e-04   4.2854e-04
3.5000e+07   3.5000e+04   3.5000e+01   5.6141e-04   9.6100e-04
3.5000e+07   6.7000e+02   3.5000e+01   1.1926e-04   1.3872e-04
3.5000e+07   6.7000e+03   3.5000e+01   3.6267e-04   5.6868e-04
3.5000e+07   6.7000e+04   3.5000e+01   6.4034e-04   1.1188e-03
3.5000e+08   1.0000e+02   3.5000e+01   6.4867e-07   1.8573e-06
3.5000e+08   1.0000e+03   3.5000e+01   3.2247e-05   1.3020e-04
3.5000e+08   1.0000e+04   3.5000e+01   1.6246e-04   6.4161e-04
3.5000e+08   1.0000e+05   3.5000e+01   3.8670e-04   1.4110e-03
3.5000e+08   1.9000e+02   3.5000e+01   2.4327e-06   8.4045e-06
3.5000e+08   1.9000e+03   3.5000e+01   5.6383e-05   2.3645e-04
3.5000e+08   1.9000e+04   3.5000e+01   2.1909e-04   8.4039e-04
3.5000e+08   3.5000e+02   3.5000e+01   7.4383e-06   2.8034e-05
3.5000e+08   3.5000e+03   3.5000e+01   8.7287e-05   3.6468e-04
3.5000e+08   3.5000e+04   3.5000e+01   2.7789e-04   1.0429e-03
3.5000e+08   6.7000e+02   3.5000e+01   2.0311e-05   7.9554e-05
3.5000e+08   6.7000e+03   3.5000e+01   1.3077e-04   5.2816e-04
3.5000e+08   6.7000e+04   3.5000e+01   3.4418e-04   1.2682e-03
6.7000e+07   1.0000e+02   3.5000e+01   6.2900e-06   7.5580e-06
6.7000e+07   1.0000e+03   3.5000e+01   1.1589e-04   1.9095e-04
6.7000e+07   1.0000e+04   3.5000e+01   3.5023e-04   7.1481e-04
6.7000e+07   1.0000e+05   3.5000e+01   6.1026e-04   1.3709e-03
6.7000e+07   1.9000e+02   3.5000e+01   1.7735e-05   2.2630e-05
6.7000e+07   1.9000e+03   3.5000e+01   1.7454e-04   3.1283e-04
6.7000e+07   1.9000e+04   3.5000e+01   4.2303e-04   8.9328e-04
6.7000e+07   3.5000e+02   3.5000e+01   4.1373e-05   5.7358e-05
6.7000e+07   3.5000e+03   3.5000e+01   2.3600e-04   4.4862e-04
6.7000e+07   3.5000e+04   3.5000e+01   4.9258e-04   1.0681e-03
6.7000e+07   6.7000e+02   3.5000e+01   8.3316e-05   1.2876e-04
6.7000e+07   6.7000e+03   3.5000e+01   3.0570e-04   6.0907e-04
6.7000e+07   6.7000e+04   3.5000e+01   5.6578e-04   1.2558e-03
6.7000e+08   1.0000e+02   3.5000e+01   1.9401e-07   6.2469e-07
6.7000e+08   1.0000e+03   3.5000e+01   1.6051e-05   9.3749e-05
6.7000e+08   1.0000e+04   3.5000e+01   1.1054e-04   5.5477e-04
6.7000e+08   1.0000e+05   3.5000e+01   3.2240e-04   1.3243e-03
6.7000e+08   1.9000e+02   3.5000e+01   8.8393e-07   3.9927e-06
6.7000e+08   1.9000e+03   3.5000e+01   3.0617e-05   1.8359e-04
6.7000e+08   1.9000e+04   3.5000e+01   1.6130e-04   7.4816e-04
6.7000e+08   3.5000e+02   3.5000e+01   3.0323e-06   1.6288e-05
6.7000e+08   3.5000e+03   3.5000e+01   5.1096e-05   2.9665e-04
6.7000e+08   3.5000e+04   3.5000e+01   2.1663e-04   9.4999e-04
6.7000e+08   6.7000e+02   3.5000e+01   9.3193e-06   5.3263e-05
6.7000e+08   6.7000e+03   3.5000e+01   8.4061e-05   4.4705e-04
6.7000e+08   6.7000e+04   3.5000e+01   2.8077e-04   1.1781e-03
1.0000e+07   1.0000e+02   4.0000e+01   4.5963e-05   1.7934e-05
1.0000e+07   1.0000e+03   4.0000e+01   2.3615e-04   1.6930e-04
1.0000e+07   1.0000e+04   4.0000e+01   4.8917e-04   4.4539e-04
1.0000e+07   1.0000e+05   4.0000e+01   7.5890e-04   7.4975e-04
1.0000e+07   1.9000e+02   4.0000e+01   8.6234e-05   4.0768e-05
1.0000e+07   1.9000e+03   4.0000e+01   3.0345e-04   2.3853e-04
1.0000e+07   1.9000e+04   4.0000e+01   5.6369e-04   5.3145e-04
1.0000e+07   3.5000e+02   4.0000e+01   1.3571e-04   7.7297e-05
1.0000e+07   3.5000e+03   4.0000e+01   3.7025e-04   3.1100e-04
1.0000e+07   3.5000e+04   4.0000e+01   6.3540e-04   6.1361e-04
1.0000e+07   6.7000e+02   4.0000e+01   1.9615e-04   1.3061e-04
1.0000e+07   6.7000e+03   4.0000e+01   4.4330e-04   3.9301e-04
1.0000e+07   6.7000e+04   4.0000e+01   7.1181e-04   6.9888e-04
1.0000e+08   1.0000e+02   4.0000e+01   3.8671e-06   5.9829e-06
1.0000e+08   1.0000e+03   4.0000e+01   9.1870e-05   1.8241e-04
1.0000e+08   1.0000e+04   4.0000e+01   3.0454e-04   7.2410e-04
1.0000e+08   1.0000e+05   4.0000e+01   5.4942e-04   1.4241e-03
1.0000e+08   1.9000e+02   4.0000e+01   1.1603e-05   1.9081e-05
1.0000e+08   1.9000e+03   4.0000e+01   1.4357e-04   3.0602e-04
1.0000e+08   1.9000e+04   4.0000e+01   3.7234e-04   9.1261e-04
1.0000e+08   3.5000e+02   4.0000e+01   2.9213e-05   5.0980e-05
1.0000e+08   3.5000e+03   4.0000e+01   1.9906e-04   4.4580e-04
1.0000e+08   3.5000e+04   4.0000e+01   4.3746e-04   1.0985e-03
1.0000e+08   6.7000e+02   4.0000e+01   6.3766e-05   1.2029e-04
1.0000e+08   6.7000e+03   4.0000e+01   2.6319e-04   6.1303e-04
1.0000e+08   6.7000e+04   4.0000e+01   5.0671e-04   1.2993e-03
1.0000e+09   1.0000e+02   4.0000e+01   8.3090e-08   2.6448e-07
1.0000e+09   1.0000e+03   4.0000e+01   9.8462e-06   7.1222e-05
1.0000e+09   1.0000e+04   4.0000e+01   8.4686e-05   4.9208e-04
1.0000e+09   1.0000e+05   4.0000e+01   2.8596e-04   1.2495e-03
1.0000e+09   1.9000e+02   4.0000e+01   4.2632e-07   2.1088e-06
1.0000e+09   1.9000e+03   4.0000e+01   2.0357e-05   1.4965e-04
1.0000e+09   3.5000e+02   4.0000e+01   1.6169e-06   1.0354e-05
1.0000e+09   3.5000e+03   4.0000e+01   3.5610e-05   2.5140e-04
1.0000e+09   3.5000e+04   4.0000e+01   1.8316e-04   8.7593e-04
1.0000e+09   6.7000e+02   4.0000e+01   5.3544e-06   3.8000e-05
1.0000e+09   6.7000e+03   4.0000e+01   6.1856e-05   3.9010e-04
1.0000e+09   6.7000e+04   4.0000e+01   2.4526e-04   1.1023e-03
1.9000e+07   1.0000e+02   4.0000e+01   2.5389e-05   1.4052e-05
1.9000e+07   1.0000e+03   4.0000e+01   1.9590e-04   1.9106e-04
1.9000e+07   1.0000e+04   4.0000e+01   4.5360e-04   5.6834e-04
1.9000e+07   1.0000e+05   4.0000e+01   7.3396e-04   1.0027e-03
1.9000e+07   1.9000e+02   4.0000e+01   5.5554e-05   3.5573e-05
1.9000e+07   1.9000e+03   4.0000e+01   2.6342e-04   2.8358e-04
1.9000e+07   1.9000e+04   4.0000e+01   5.3097e-04   6.8939e-04
1.9000e+07   3.5000e+02   4.0000e+01   9.8810e-05   7.5303e-05
1.9000e+07   3.5000e+03   4.0000e+01   3.3138e-04   3.8228e-04
1.9000e+07   3.5000e+04   4.0000e+01   6.0555e-04   8.0615e-04
1.9000e+07   6.7000e+02   4.0000e+01   1.5642e-04   1.4075e-04
1.9000e+07   6.7000e+03   4.0000e+01   4.0633e-04   4.9542e-04
1.9000e+07   6.7000e+04   4.0000e+01   6.8515e-04   9.2899e-04
1.9000e+08   1.0000e+02   4.0000e+01   1.6527e-06   3.6730e-06
1.9000e+08   1.0000e+03   4.0000e+01   5.6937e-05   1.6004e-04
1.9000e+08   1.0000e+04   4.0000e+01   2.2580e-04   6.9915e-04
1.9000e+08   1.0000e+05   4.0000e+01   4.5795e-04   1.4465e-03
1.9000e+08   1.9000e+02   4.0000e+01   5.4830e-06   1.3483e-05
1.9000e+08   1.9000e+03   4.0000e+01   9.3861e-05   2.7812e-04
1.9000e+08   1.9000e+04   4.0000e+01   2.8699e-04   8.9619e-04
1.9000e+08   3.5000e+02   4.0000e+01   1.5333e-05   3.9727e-05
1.9000e+08   3.5000e+03   4.0000e+01   1.3661e-04   4.1562e-04
1.9000e+08   3.5000e+04   4.0000e+01   3.4814e-04   1.0936e-03
1.9000e+08   6.7000e+02   4.0000e+01   3.7652e-05   1.0202e-04
1.9000e+08   6.7000e+03   4.0000e+01   1.8981e-04   5.8472e-04
1.9000e+08   6.7000e+04   4.0000e+01   4.1543e-04   1.3104e-03
3.5000e+07   1.0000e+02   4.0000e+01   1.3298e-05   1.0605e-05
3.5000e+07   1.0000e+03   4.0000e+01   1.5668e-04   1.9745e-04
3.5000e+07   1.0000e+04   4.0000e+01   4.1004e-04   6.6075e-04
3.5000e+07   1.0000e+05   4.0000e+01   6.8880e-04   1.2165e-03
3.5000e+07   1.9000e+02   4.0000e+01   3.3312e-05   2.9153e-05
3.5000e+07   1.9000e+03   4.0000e+01   2.2186e-04   3.0835e-04
3.5000e+07   1.9000e+04   4.0000e+01   4.8734e-04   8.1355e-04
3.5000e+07   3.5000e+02   4.0000e+01   6.7651e-05   6.7741e-05
3.5000e+07   3.5000e+03   4.0000e+01   2.8855e-04   4.2915e-04
3.5000e+07   3.5000e+04   4.0000e+01   5.6163e-04   9.6209e-04
3.5000e+07   6.7000e+02   4.0000e+01   1.1938e-04   1.3904e-04
3.5000e+07   6.7000e+03   4.0000e+01   3.6288e-04   5.6946e-04
3.5000e+07   6.7000e+04   4.0000e+01   6.4056e-04   1.1203e-03
3.5000e+08   1.0000e+02   4.0000e+01   6.4996e-07   1.8646e-06
3.5000e+08   1.0000e+03   4.0000e+01   3.2266e-05   1.3045e-04
3.5000e+08   1.0000e+04   4.0000e+01   1.6248e-04   6.4224e-04
3.5000e+08   1.0000e+05   4.0000e+01   3.8672e-04   1.4123e-03
3.5000e+08   1.9000e+02   4.0000e+01   2.4376e-06   8.4376e-06
3.5000e+08   1.9000e+03   4.0000e+01   5.6400e-05   2.3686e-04
3.5000e+08   1.9000e+04   4.0000e+01   2.1913e-04   8.4111e-04
3.5000e+08   3.5000e+02   4.0000e+01   7.4544e-06   2.8138e-05
3.5000e+08   3.5000e+03   4.0000e+01   8.7278e-05   3.6511e-04
3.5000e+08   3.5000e+04   4.0000e+01   2.7791e-04   1.0437e-03
3.5000e+08   6.7000e+02   4.0000e+01   2.0331e-05   7.9753e-05
3.5000e+08   6.7000e+03   4.0000e+01   1.3080e-04   5.2878e-04
3.5000e+08   6.7000e+04   4.0000e+01   3.4420e-04   1.2692e-03
6.7000e+07   1.0000e+02   4.0000e+01   6.3037e-06   7.5919e-06
6.7000e+07   1.0000e+03   4.0000e+01   1.1602e-04   1.9141e-04
6.7000e+07   1.0000e+04   4.0000e+01   3.5037e-04   7.1571e-04
6.7000e+07   1.0000e+05   4.0000e+01   6.1030e-04   1.3726e-03
6.7000e+07   1.9000e+02   4.0000e+01   1.7772e-05   2.2725e-05
6.7000e+07   1.9000e+03   4.0000e+01   1.7468e-04   3.1341e-04
6.7000e+07   1.9000e+04   4.0000e+01   4.2315e-04   8.9423e-04
6.7000e+07   3.5000e+02   4.0000e+01   4.1448e-05   5.7568e-05
6.7000e+07   3.5000e+03   4.0000e+01   2.3615e-04   4.4932e-04
6.7000e+07   3.5000e+04   4.0000e+01   4.9265e-04   1.0692e-03
6.7000e+07   6.7000e+02   4.0000e+01   8.3433e-05   1.2913e-04
6.7000e+07   6.7000e+03   4.0000e+01   3.0585e-04   6.0994e-04
6.7000e+07   6.7000e+04   4.0000e+01   5.6580e-04   1.2571e-03
6.7000e+08   1.0000e+02   4.0000e+01   1.9419e-07   6.2589e-07
6.7000e+08   1.0000e+03   4.0000e+01   1.6057e-05   9.3902e-05
6.7000e+08   1.0000e+04   4.0000e+01   1.1056e-04   5.5512e-04
6.7000e+08   1.0000e+05   4.0000e+01   3.2248e-04   1.3253e-03
6.7000e+08   1.9000e+02   4.0000e+01   8.8510e-07   4.0035e-06
6.7000e+08   1.9000e+03   4.0000e+01   3.0646e-05   1.8387e-04
6.7000e+08   1.9000e+04   4.0000e+01   1.6131e-04   7.4878e-04
6.7000e+08   3.5000e+02   4.0000e+01   3.0375e-06   1.6337e-05
6.7000e+08   3.5000e+03   4.0000e+01   5.1095e-05   2.9699e-04
6.7000e+08   3.5000e+04   4.0000e+01   2.1668e-04   9.5065e-04
6.7000e+08   6.7000e+02   4.0000e+01   9.3332e-06   5.3396e-05
6.7000e+08   6.7000e+03   4.0000e+01   8.4018e-05   4.4758e-04
6.7000e+08   6.7000e+04   4.0000e+01   2.8083e-04   1.1789e-03
1.0000e+05   1.0000e+00   5.0000e+00   4.6616e-06   6.2214e-09
1.0000e+05   1.0000e+01   5.0000e+00   3.1751e-05   3.2436e-07
1.0000e+05   1.0000e+02   5.0000e+00   8.2012e-05   3.2143e-06
1.0000e+05   1.0000e+03   5.0000e+00   1.3431e-04   7.5190e-06
1.0000e+05   1.0000e+04   5.0000e+00   1.9840e-04   1.0464e-05
1.0000e+05   1.0000e+05   5.0000e+00   2.7786e-04   1.9661e-05
1.0000e+05   3.5000e+00   5.0000e+00   1.3879e-05   3.9378e-08
1.0000e+05   3.5000e+01   5.0000e+00   5.8677e-05   1.5556e-06
1.0000e+05   3.5000e+02   5.0000e+00   1.0968e-04   5.5259e-06
1.0000e+05   3.5000e+03   5.0000e+00   1.6746e-04   9.5061e-06
1.0000e+05   3.5000e+04   5.0000e+00   2.3992e-04   1.1817e-05
1.0000e+06   1.0000e+00   5.0000e+00   1.1943e-06   3.1855e-08
1.0000e+06   1.0000e+01   5.0000e+00   2.0387e-05   8.2693e-07
1.0000e+06   1.0000e+02   5.0000e+00   1.3184e-04   1.3567e-05
1.0000e+06   1.0000e+03   5.0000e+00   2.9002e-04   5.0431e-05
1.0000e+06   1.0000e+04   5.0000e+00   4.6241e-04   9.6148e-05
1.0000e+06   1.0000e+05   5.0000e+00   6.4752e-04   1.3332e-04
1.0000e+06   3.5000e+00   5.0000e+00   5.3200e-06   1.7945e-07
1.0000e+06   3.5000e+01   5.0000e+00   6.9571e-05   4.4906e-06
1.0000e+06   3.5000e+02   5.0000e+00   2.1534e-04   3.1523e-05
1.0000e+06   3.5000e+03   5.0000e+00   3.8210e-04   7.5285e-05
1.0000e+06   3.5000e+04   5.0000e+00   5.6188e-04   1.1835e-04
1.0000e+07   1.0000e+00   5.0000e+00   1.8890e-08   1.4677e-09
1.0000e+07   1.0000e+01   5.0000e+00   1.4013e-06   3.9982e-07
1.0000e+07   1.0000e+02   5.0000e+00   4.5158e-05   1.7134e-05
1.0000e+07   1.0000e+03   5.0000e+00   2.3316e-04   1.6447e-04
1.0000e+07   1.0000e+04   5.0000e+00   4.8329e-04   4.3281e-04
1.0000e+07   1.0000e+05   5.0000e+00   7.4946e-04   7.1969e-04
1.0000e+07   1.9000e+02   5.0000e+00   8.4867e-05   3.9141e-05
1.0000e+07   1.9000e+03   5.0000e+00   2.9971e-04   2.3199e-04
1.0000e+07   1.9000e+04   5.0000e+00   5.5688e-04   5.1546e-04
1.0000e+07   3.5000e+00   5.0000e+00   1.9892e-07   4.0081e-08
1.0000e+07   3.5000e+01   5.0000e+00   1.1157e-05   3.6182e-06
1.0000e+07   3.5000e+02   5.0000e+00   1.3381e-04   7.4644e-05
1.0000e+07   3.5000e+03   5.0000e+00   3.6572e-04   3.0248e-04
1.0000e+07   3.5000e+04   5.0000e+00   6.2746e-04   5.9362e-04
1.0000e+07   6.7000e+02   5.0000e+00   1.9359e-04   1.2668e-04
1.0000e+07   6.7000e+03   5.0000e+00   4.3792e-04   3.8207e-04
1.0000e+07   6.7000e+04   5.0000e+00   7.0295e-04   6.7345e-04
1.0000e+08   1.0000e+00   5.0000e+00   6.0823e-11   1.6042e-10
1.0000e+08   1.0000e+01   5.0000e+00   2.2978e-08   1.3973e-08
1.0000e+08   1.0000e+02   5.0000e+00   3.6757e-06   5.3901e-06
1.0000e+08   1.0000e+03   5.0000e+00   8.8828e-05   1.6981e-04
1.0000e+08   1.0000e+04   5.0000e+00   3.0203e-04   6.9663e-04
1.0000e+08   1.0000e+05   5.0000e+00   5.5128e-04   1.3723e-03
1.0000e+08   1.9000e+02   5.0000e+00   1.0992e-05   1.7165e-05
1.0000e+08   1.9000e+03   5.0000e+00   1.4032e-04   2.8906e-04
1.0000e+08   1.9000e+04   5.0000e+00   3.7064e-04   8.7956e-04
1.0000e+08   3.5000e+00   5.0000e+00   7.7673e-10   9.3086e-10
1.0000e+08   3.5000e+01   5.0000e+00   4.8583e-07   5.8894e-07
1.0000e+08   3.5000e+02   5.0000e+00   2.7698e-05   4.6132e-05
1.0000e+08   3.5000e+03   5.0000e+00   1.9583e-04   4.2469e-04
1.0000e+08   3.5000e+04   5.0000e+00   4.3692e-04   1.0599e-03
1.0000e+08   6.7000e+02   5.0000e+00   6.1110e-05   1.1067e-04
1.0000e+08   6.7000e+03   5.0000e+00   2.6032e-04   5.8798e-04
1.0000e+08   6.7000e+04   5.0000e+00   5.0765e-04   1.2537e-03
1.0000e+09   1.0000e+00   5.0000e+00   2.3968e-12   4.6766e-11
1.0000e+09   1.0000e+01   5.0000e+00   1.5790e-10   7.9991e-10
1.0000e+09   1.0000e+02   5.0000e+00   8.2079e-08   2.5603e-07
1.0000e+09   1.0000e+03   5.0000e+00   9.5755e-06   6.7759e-05
1.0000e+09   1.0000e+04   5.0000e+00   8.3945e-05   4.8081e-04
1.0000e+09   1.0000e+05   5.0000e+00   2.8463e-04   1.2233e-03
1.0000e+09   1.9000e+02   5.0000e+00   4.1612e-07   1.9969e-06
1.0000e+09   1.9000e+03   5.0000e+00   2.0052e-05   1.4421e-04
1.0000e+09   1.9000e+04   5.0000e+00   1.2987e-04   6.6399e-04
1.0000e+09   3.5000e+00   5.0000e+00   1.5004e-11   1.8232e-10
1.0000e+09   3.5000e+01   5.0000e+00   4.3678e-09   7.2302e-09
1.0000e+09   3.5000e+02   5.0000e+00   1.5638e-06   9.7331e-06
1.0000e+09   3.5000e+03   5.0000e+00   3.5229e-05   2.4394e-04
1.0000e+09   3.5000e+04   5.0000e+00   1.8196e-04   8.5854e-04
1.0000e+09   6.7000e+02   5.0000e+00   5.1685e-06   3.5862e-05
1.0000e+09   6.7000e+03   5.0000e+00   6.1306e-05   3.8052e-04
1.0000e+09   6.7000e+04   5.0000e+00   2.4393e-04   1.0803e-03
1.9000e+07   1.0000e+02   5.0000e+00   2.4664e-05   1.3110e-05
1.9000e+07   1.0000e+03   5.0000e+00   1.9227e-04   1.8321e-04
1.9000e+07   1.0000e+04   5.0000e+00   4.4681e-04   5.4927e-04
1.9000e+07   1.0000e+05   5.0000e+00   7.2350e-04   9.6105e-04
1.9000e+07   1.9000e+02   5.0000e+00   5.4124e-05   3.3388e-05
1.9000e+07   1.9000e+03   5.0000e+00   2.5892e-04   2.7304e-04
1.9000e+07   1.9000e+04   5.0000e+00   5.2310e-04   6.6561e-04
1.9000e+07   3.5000e+02   5.0000e+00   9.6575e-05   7.1272e-05
1.9000e+07   3.5000e+03   5.0000e+00   3.2599e-04   3.6883e-04
1.9000e+07   3.5000e+04   5.0000e+00   5.9659e-04   7.7695e-04
1.9000e+07   6.7000e+02   5.0000e+00   1.5332e-04   1.3442e-04
1.9000e+07   6.7000e+03   5.0000e+00   4.0007e-04   4.7855e-04
1.9000e+07   6.7000e+04   5.0000e+00   6.7500e-04   8.9244e-04
1.9000e+08   1.0000e+02   5.0000e+00   1.5739e-06   3.3268e-06
1.9000e+08   1.0000e+03   5.0000e+00   5.5166e-05   1.4904e-04
1.9000e+08   1.0000e+04   5.0000e+00   2.2520e-04   6.7482e-04
1.9000e+08   1.0000e+05   5.0000e+00   4.5886e-04   1.3991e-03
1.9000e+08   1.9000e+02   5.0000e+00   5.1895e-06   1.2150e-05
1.9000e+08   1.9000e+03   5.0000e+00   9.2381e-05   2.6330e-04
1.9000e+08   1.9000e+04   5.0000e+00   2.8684e-04   8.6669e-04
1.9000e+08   3.5000e+02   5.0000e+00   1.4472e-05   3.5912e-05
1.9000e+08   3.5000e+03   5.0000e+00   1.3534e-04   3.9699e-04
1.9000e+08   3.5000e+04   5.0000e+00   3.4840e-04   1.0588e-03
1.9000e+08   6.7000e+02   5.0000e+00   3.5984e-05   9.3721e-05
1.9000e+08   6.7000e+03   5.0000e+00   1.8893e-04   5.6256e-04
1.9000e+08   6.7000e+04   5.0000e+00   4.1614e-04   1.2687e-03
3.5000e+05   1.0000e+00   5.0000e+00   2.9807e-06   1.9432e-08
3.5000e+05   1.0000e+01   5.0000e+00   3.1644e-05   4.6907e-07
3.5000e+05   1.0000e+02   5.0000e+00   1.2498e-04   7.3439e-06
3.5000e+05   1.0000e+03   5.0000e+00   2.3355e-04   2.2209e-05
3.5000e+05   1.0000e+04   5.0000e+00   3.5314e-04   3.7996e-05
3.5000e+05   1.0000e+05   5.0000e+00   4.8900e-04   5.1663e-05
3.5000e+05   3.5000e+00   5.0000e+00   1.0530e-05   9.2659e-08
3.5000e+05   3.5000e+01   5.0000e+00   7.8501e-05   2.7963e-06
3.5000e+05   3.5000e+02   5.0000e+00   1.8294e-04   1.4877e-05
3.5000e+05   3.5000e+03   5.0000e+00   2.9675e-04   3.1183e-05
3.5000e+05   3.5000e+04   5.0000e+00   4.2533e-04   4.4753e-05
3.5000e+06   1.0000e+00   5.0000e+00   1.7423e-07   1.2359e-08
3.5000e+06   1.0000e+01   5.0000e+00   6.0445e-06   8.1437e-07
3.5000e+06   1.0000e+02   5.0000e+00   9.1633e-05   1.9857e-05
3.5000e+06   1.0000e+03   5.0000e+00   2.8595e-04   1.1033e-04
3.5000e+06   1.0000e+04   5.0000e+00   5.1169e-04   2.4400e-04
3.5000e+06   1.0000e+05   5.0000e+00   7.4851e-04   3.7323e-04
3.5000e+06   3.5000e+00   5.0000e+00   1.1166e-06   1.2840e-07
3.5000e+06   3.5000e+01   5.0000e+00   3.3822e-05   5.3826e-06
3.5000e+06   3.5000e+02   5.0000e+00   1.9087e-04   6.0740e-05
3.5000e+06   3.5000e+03   5.0000e+00   4.0678e-04   1.8062e-04
3.5000e+06   3.5000e+04   5.0000e+00   6.3997e-04   3.1837e-04
3.5000e+07   1.0000e+00   5.0000e+00   5.8263e-10   2.7824e-10
3.5000e+07   1.0000e+01   5.0000e+00   1.9580e-07   9.9611e-08
3.5000e+07   1.0000e+02   5.0000e+00   1.2774e-05   9.6962e-06
3.5000e+07   1.0000e+03   5.0000e+00   1.5276e-04   1.8678e-04
3.5000e+07   1.0000e+04   5.0000e+00   4.0336e-04   6.3601e-04
3.5000e+07   1.0000e+05   5.0000e+00   6.8076e-04   1.1658e-03
3.5000e+07   1.9000e+02   5.0000e+00   3.2062e-05   2.6770e-05
3.5000e+07   1.9000e+03   5.0000e+00   2.1707e-04   2.9403e-04
3.5000e+07   1.9000e+04   5.0000e+00   4.7987e-04   7.8309e-04
3.5000e+07   3.5000e+00   5.0000e+00   1.4928e-08   4.1218e-09
3.5000e+07   3.5000e+01   5.0000e+00   2.1865e-06   1.5535e-06
3.5000e+07   3.5000e+02   5.0000e+00   6.5394e-05   6.2786e-05
3.5000e+07   3.5000e+03   5.0000e+00   2.8294e-04   4.1101e-04
3.5000e+07   3.5000e+04   5.0000e+00   5.5366e-04   9.2551e-04
3.5000e+07   6.7000e+02   5.0000e+00   1.1604e-04   1.3058e-04
3.5000e+07   6.7000e+03   5.0000e+00   3.5656e-04   5.4728e-04
3.5000e+07   6.7000e+04   5.0000e+00   6.3244e-04   1.0758e-03
3.5000e+08   1.0000e+00   5.0000e+00   9.1523e-12   8.1438e-11
3.5000e+08   1.0000e+01   5.0000e+00   8.8239e-10   1.7201e-09
3.5000e+08   1.0000e+02   5.0000e+00   6.2415e-07   1.7153e-06
3.5000e+08   1.0000e+03   5.0000e+00   3.1324e-05   1.2216e-04
3.5000e+08   1.0000e+04   5.0000e+00   1.6179e-04   6.2228e-04
3.5000e+08   1.0000e+05   5.0000e+00   3.8600e-04   1.3716e-03
3.5000e+08   1.9000e+02   5.0000e+00   2.3215e-06   7.6903e-06
3.5000e+08   1.9000e+03   5.0000e+00   5.5613e-05   2.2539e-04
3.5000e+08   1.9000e+04   5.0000e+00   2.1831e-04   8.1629e-04
3.5000e+08   3.5000e+00   5.0000e+00   5.8633e-11   4.2919e-10
3.5000e+08   3.5000e+01   5.0000e+00   4.4074e-08   6.3277e-08
3.5000e+08   3.5000e+02   5.0000e+00   7.0627e-06   2.5661e-05
3.5000e+08   3.5000e+03   5.0000e+00   8.6675e-05   3.5041e-04
3.5000e+08   3.5000e+04   5.0000e+00   2.7717e-04   1.0143e-03
3.5000e+08   6.7000e+02   5.0000e+00   1.9472e-05   7.3759e-05
3.5000e+08   6.7000e+03   5.0000e+00   1.3010e-04   5.1087e-04
3.5000e+08   6.7000e+04   5.0000e+00   3.4343e-04   1.2337e-03
6.7000e+07   1.0000e+02   5.0000e+00   6.0046e-06   6.8547e-06
6.7000e+07   1.0000e+03   5.0000e+00   1.1238e-04   1.7890e-04
6.7000e+07   1.0000e+04   5.0000e+00   3.4571e-04   6.8792e-04
6.7000e+07   1.0000e+05   5.0000e+00   6.0924e-04   1.3195e-03
6.7000e+07   1.9000e+02   5.0000e+00   1.6917e-05   2.0540e-05
6.7000e+07   1.9000e+03   5.0000e+00   1.7048e-04   2.9660e-04
6.7000e+07   1.9000e+04   5.0000e+00   4.1871e-04   8.6059e-04
6.7000e+07   3.5000e+02   5.0000e+00   3.9548e-05   5.2416e-05
6.7000e+07   3.5000e+03   5.0000e+00   2.3157e-04   4.2835e-04
6.7000e+07   3.5000e+04   5.0000e+00   4.8900e-04   1.0296e-03
6.7000e+07   6.7000e+02   5.0000e+00   8.0316e-05   1.1944e-04
6.7000e+07   6.7000e+03   5.0000e+00   3.0115e-04   5.8481e-04
6.7000e+07   6.7000e+04   5.0000e+00   5.6356e-04   1.2099e-03
6.7000e+08   1.0000e+02   5.0000e+00   1.8969e-07   5.9288e-07
6.7000e+08   1.0000e+03   5.0000e+00   1.5610e-05   8.8771e-05
6.7000e+08   1.0000e+04   5.0000e+00   1.0972e-04   5.4059e-04
6.7000e+08   1.0000e+05   5.0000e+00   3.2102e-04   1.2935e-03
6.7000e+08   1.9000e+02   5.0000e+00   8.5449e-07   3.7272e-06
6.7000e+08   1.9000e+03   5.0000e+00   3.0210e-05   1.7629e-04
6.7000e+08   1.9000e+04   5.0000e+00   1.6037e-04   7.3076e-04
6.7000e+08   3.5000e+02   5.0000e+00   2.9114e-06   1.5162e-05
6.7000e+08   3.5000e+03   5.0000e+00   5.0593e-05   2.8676e-04
6.7000e+08   3.5000e+04   5.0000e+00   2.1557e-04   9.2867e-04
6.7000e+08   6.7000e+02   5.0000e+00   8.9569e-06   4.9895e-05
6.7000e+08   6.7000e+03   5.0000e+00   8.3367e-05   4.3473e-04
6.7000e+08   6.7000e+04   5.0000e+00   2.7957e-04   1.1511e-03
1.0000e+05   1.0000e+00   7.0000e+00   4.6764e-06   6.3147e-09
1.0000e+05   1.0000e+01   7.0000e+00   3.1792e-05   3.2575e-07
1.0000e+05   1.0000e+02   7.0000e+00   8.1978e-05   3.2170e-06
1.0000e+05   1.0000e+03   7.0000e+00   1.3419e-04   7.5222e-06
1.0000e+05   1.0000e+04   7.0000e+00   1.9758e-04   1.0486e-05
1.0000e+05   1.0000e+05   7.0000e+00   2.7417e-04   1.9754e-05
1.0000e+05   3.5000e+00   7.0000e+00   1.3917e-05   3.9825e-08
1.0000e+05   3.5000e+01   7.0000e+00   5.8698e-05   1.5578e-06
1.0000e+05   3.5000e+02   7.0000e+00   1.0963e-04   5.5292e-06
1.0000e+05   3.5000e+03   7.0000e+00   1.6716e-04   9.5150e-06
1.0000e+05   3.5000e+04   7.0000e+00   2.3797e-04   1.1864e-05
1.0000e+06   1.0000e+00   7.0000e+00   1.1960e-06   3.2192e-08
1.0000e+06   1.0000e+01   7.0000e+00   2.0408e-05   8.3112e-07
1.0000e+06   1.0000e+02   7.0000e+00   1.3190e-04   1.3594e-05
1.0000e+06   1.0000e+03   7.0000e+00   2.9011e-04   5.0520e-05
1.0000e+06   1.0000e+04   7.0000e+00   4.6239e-04   9.6401e-05
1.0000e+06   1.0000e+05   7.0000e+00   6.4649e-04   1.3402e-04
1.0000e+06   3.5000e+00   7.0000e+00   5.3270e-06   1.8080e-07
1.0000e+06   3.5000e+01   7.0000e+00   6.9618e-05   4.5048e-06
1.0000e+06   3.5000e+02   7.0000e+00   2.1543e-04   3.1577e-05
1.0000e+06   3.5000e+03   7.0000e+00   3.8242e-04   7.5458e-05
1.0000e+06   3.5000e+04   7.0000e+00   5.6144e-04   1.1881e-04
1.0000e+07   1.0000e+00   7.0000e+00   1.8981e-08   1.4966e-09
1.0000e+07   1.0000e+01   7.0000e+00   1.4109e-06   4.0710e-07
1.0000e+07   1.0000e+02   7.0000e+00   4.5423e-05   1.7394e-05
1.0000e+07   1.0000e+03   7.0000e+00   2.3410e-04   1.6597e-04
1.0000e+07   1.0000e+04   7.0000e+00   4.8519e-04   4.3673e-04
1.0000e+07   1.0000e+05   7.0000e+00   7.5246e-04   7.2775e-04
1.0000e+07   3.5000e+00   7.0000e+00   2.0009e-07   4.0837e-08
1.0000e+07   3.5000e+01   7.0000e+00   1.1243e-05   3.6806e-06
1.0000e+07   3.5000e+02   7.0000e+00   1.3441e-04   7.5484e-05
1.0000e+07   3.5000e+03   7.0000e+00   3.6713e-04   3.0507e-04
1.0000e+07   3.5000e+04   7.0000e+00   6.2997e-04   5.9959e-04
1.0000e+08   1.0000e+00   7.0000e+00   5.9615e-11   1.6361e-10
1.0000e+08   1.0000e+01   7.0000e+00   2.3112e-08   1.4217e-08
1.0000e+08   1.0000e+02   7.0000e+00   3.7437e-06   5.6016e-06
1.0000e+08   1.0000e+03   7.0000e+00   8.9918e-05   1.7426e-04
1.0000e+08   1.0000e+04   7.0000e+00   3.0303e-04   7.0685e-04
1.0000e+08   1.0000e+05   7.0000e+00   5.5073e-04   1.3899e-03
1.0000e+08   3.5000e+00   7.0000e+00   7.7290e-10   9.4497e-10
1.0000e+08   3.5000e+01   7.0000e+00   4.9293e-07   6.0887e-07
1.0000e+08   3.5000e+02   7.0000e+00   2.8237e-05   4.7845e-05
1.0000e+08   3.5000e+03   7.0000e+00   1.9702e-04   4.3217e-04
1.0000e+08   3.5000e+04   7.0000e+00   4.3731e-04   1.0737e-03
1.0000e+09   1.0000e+00   7.0000e+00   2.3325e-12   4.7154e-11
1.0000e+09   1.0000e+01   7.0000e+00   1.5644e-10   8.0473e-10
1.0000e+09   1.0000e+02   7.0000e+00   8.2729e-08   2.5981e-07
1.0000e+09   1.0000e+03   7.0000e+00   9.6863e-06   6.9182e-05
1.0000e+09   1.0000e+04   7.0000e+00   8.4315e-05   4.8539e-04
1.0000e+09   1.0000e+05   7.0000e+00   2.8513e-04   1.2323e-03
1.0000e+09   3.5000e+00   7.0000e+00   1.4706e-11   1.8456e-10
1.0000e+09   3.5000e+01   7.0000e+00   4.3714e-09   7.2729e-09
1.0000e+09   3.5000e+02   7.0000e+00   1.5853e-06   9.9837e-06
1.0000e+09   3.5000e+03   7.0000e+00   3.5355e-05   2.4677e-04
3.5000e+05   1.0000e+00   7.0000e+00   2.9867e-06   1.9677e-08
3.5000e+05   1.0000e+01   7.0000e+00   3.1665e-05   4.7160e-07
3.5000e+05   1.0000e+02   7.0000e+00   1.2498e-04   7.3521e-06
3.5000e+05   1.0000e+03   7.0000e+00   2.3349e-04   2.2229e-05
3.5000e+05   1.0000e+04   7.0000e+00   3.5265e-04   3.8055e-05
3.5000e+05   1.0000e+05   7.0000e+00   4.8672e-04   5.1865e-05
3.5000e+05   3.5000e+00   7.0000e+00   1.0545e-05   9.3555e-08
3.5000e+05   3.5000e+01   7.0000e+00   7.8535e-05   2.8036e-06
3.5000e+05   3.5000e+02   7.0000e+00   1.8289e-04   1.4889e-05
3.5000e+05   3.5000e+03   7.0000e+00   2.9655e-04   3.1216e-05
3.5000e+05   3.5000e+04   7.0000e+00   4.2411e-04   4.4879e-05
3.5000e+06   1.0000e+00   7.0000e+00   1.7477e-07   1.2540e-08
3.5000e+06   1.0000e+01   7.0000e+00   6.0630e-06   8.2166e-07
3.5000e+06   1.0000e+02   7.0000e+00   9.1818e-05   1.9972e-05
3.5000e+06   1.0000e+03   7.0000e+00   2.8643e-04   1.1079e-04
3.5000e+06   1.0000e+04   7.0000e+00   5.1264e-04   2.4534e-04
3.5000e+06   1.0000e+05   7.0000e+00   7.4977e-04   3.7665e-04
3.5000e+06   3.5000e+00   7.0000e+00   1.1199e-06   1.2978e-07
3.5000e+06   3.5000e+01   7.0000e+00   3.3905e-05   5.4213e-06
3.5000e+06   3.5000e+02   7.0000e+00   1.9121e-04   6.1009e-05
3.5000e+06   3.5000e+03   7.0000e+00   4.0750e-04   1.8143e-04
3.5000e+06   3.5000e+04   7.0000e+00   6.4113e-04   3.2058e-04
3.5000e+07   1.0000e+00   7.0000e+00   5.7788e-10   2.8261e-10
3.5000e+07   1.0000e+01   7.0000e+00   1.9788e-07   1.0237e-07
3.5000e+07   1.0000e+02   7.0000e+00   1.2954e-05   1.0009e-05
3.5000e+07   1.0000e+03   7.0000e+00   1.5408e-04   1.9035e-04
3.5000e+07   1.0000e+04   7.0000e+00   4.0576e-04   6.4474e-04
3.5000e+07   1.0000e+05   7.0000e+00   6.8370e-04   1.1818e-03
3.5000e+07   3.5000e+00   7.0000e+00   1.4997e-08   4.2018e-09
3.5000e+07   3.5000e+01   7.0000e+00   2.2170e-06   1.6030e-06
3.5000e+07   3.5000e+02   7.0000e+00   6.6161e-05   6.4465e-05
3.5000e+07   3.5000e+03   7.0000e+00   2.8482e-04   4.1706e-04
3.5000e+07   3.5000e+04   7.0000e+00   5.5652e-04   9.3780e-04
3.5000e+08   1.0000e+00   7.0000e+00   8.9232e-12   8.2892e-11
3.5000e+08   1.0000e+01   7.0000e+00   8.7667e-10   1.7368e-09
3.5000e+08   1.0000e+02   7.0000e+00   6.3365e-07   1.7704e-06
3.5000e+08   1.0000e+03   7.0000e+00   3.1702e-05   1.2535e-04
3.5000e+08   1.0000e+04   7.0000e+00   1.6205e-04   6.3010e-04
3.5000e+08   1.0000e+05   7.0000e+00   3.8628e-04   1.3861e-03
3.5000e+08   3.5000e+00   7.0000e+00   5.7537e-11   4.3443e-10
3.5000e+08   3.5000e+01   7.0000e+00   4.4355e-08   6.4315e-08
3.5000e+08   3.5000e+02   7.0000e+00   7.2100e-06   2.6591e-05
3.5000e+08   3.5000e+03   7.0000e+00   8.6918e-05   3.5596e-04
3.5000e+08   3.5000e+04   7.0000e+00   2.7747e-04   1.0250e-03
